Norway_009887.jpg,2 1639 1446 1930 1813 0 1863 1224 1907 1374 0 1680 1289 1751 1341 0 1317 1315 1504 1475 
Norway_008185.jpg,
Norway_009408.jpg,0 592 1418 1093 1928 0 314 1848 550 2041 0 880 1944 950 2037 0 0 1498 338 1665 
Norway_008792.jpg,0 1330 1425 1445 2038 0 1439 1148 1514 1347 0 1376 1324 1543 1449 0 1344 1254 1392 1295 0 1075 1115 1243 1215 
Norway_008853.jpg,2 1449 1237 1543 1371 0 1451 1240 1541 1369 
Norway_008340.jpg,0 1407 1425 1822 2041 0 1460 1190 1583 1478 1 597 1426 1650 1555 0 1407 1518 1597 2033 
Norway_009193.jpg,
Norway_008952.jpg,0 1523 1131 1620 1329 0 1519 1343 1592 1586 0 479 1669 865 2028 
Norway_009758.jpg,
Norway_009732.jpg,0 330 1752 572 2032 1 1718 1508 1889 1577 0 959 1201 1236 1451 0 0 1507 376 1698 1 1579 1283 1701 1341 
Norway_009284.jpg,0 1198 1842 1311 2044 0 1541 1666 1694 2039 0 1580 1544 1643 1685 0 1514 1418 1576 1582 0 1500 1279 1561 1373 
Norway_010011.jpg,
Norway_008845.jpg,
Norway_009713.jpg,
Norway_008938.jpg,
Norway_009730.jpg,0 1497 1329 2049 2035 
Norway_009577.jpg,
Norway_008647.jpg,
Norway_008513.jpg,
Norway_008717.jpg,0 1897 1564 2171 2030 0 1410 1137 1481 1193 0 932 1208 1289 1522 
Norway_010187.jpg,
Norway_010074.jpg,0 1086 1284 1180 1372 0 1564 1204 1716 1757 
Norway_009007.jpg,0 1408 1307 1900 2027 
Norway_009194.jpg,0 319 1911 468 2044 0 1872 1934 1917 2036 0 1237 1158 1304 1213 0 1785 1871 1855 2039 0 1781 1863 1833 1949 
Norway_009346.jpg,1 793 1408 1814 1475 
Norway_009219.jpg,
Norway_008968.jpg,
Norway_010021.jpg,
Norway_008405.jpg,
Norway_009091.jpg,0 1549 1134 1627 1280 0 1327 1318 1367 1392 
Norway_009120.jpg,
Norway_010095.jpg,
Norway_010137.jpg,0 869 1233 1048 1329 0 1179 1291 1277 1386 
Norway_008832.jpg,
Norway_009929.jpg,0 1500 1222 1609 1455 0 1671 1621 1738 1751 0 219 1448 961 2015 
Norway_008889.jpg,
Norway_009584.jpg,0 1314 1453 1385 1776 0 1540 1488 1652 1762 0 466 1342 1077 1865 0 1438 1304 1513 1519 0 1130 1201 1241 1289 
Norway_008285.jpg,0 1539 1364 2226 2034 
Norway_008347.jpg,0 1455 1140 1499 1214 
Norway_009982.jpg,
Norway_009955.jpg,
Norway_010125.jpg,0 656 1335 1190 1811 
Norway_009280.jpg,
Norway_008211.jpg,
Norway_009454.jpg,
Norway_008192.jpg,0 292 1330 666 1514 0 10 1341 681 1727 
Norway_008890.jpg,
Norway_009943.jpg,
Norway_008602.jpg,
Norway_008445.jpg,
Norway_009386.jpg,0 820 1557 963 1716 0 949 1414 1049 1508 0 1057 1288 1232 1467 0 548 1637 815 1893 
Norway_009808.jpg,
Norway_010007.jpg,0 1102 1304 1276 1568 0 315 1249 893 1514 0 19 1471 879 2040 0 1056 1690 1217 2027 
Norway_009031.jpg,0 1436 1394 1632 2030 1 525 1361 1805 1482 0 1412 1049 1483 1258 0 4 1535 424 1831 
Norway_010054.jpg,
Norway_008270.jpg,0 1567 1455 1646 1609 
Norway_009636.jpg,
Norway_008926.jpg,0 1405 1312 2077 2030 
Norway_008365.jpg,
Norway_009320.jpg,0 1308 1283 1439 1581 0 37 1364 867 1859 0 985 1555 1321 2041 
Norway_009600.jpg,
Norway_008512.jpg,2 1495 1632 1742 2041 0 1800 1790 1876 2001 1 0 1705 1919 1854 0 1495 1611 1748 2029 
Norway_009789.jpg,
Norway_009361.jpg,0 1184 1857 1259 2041 
Norway_009906.jpg,1 296 1531 735 1593 0 710 1597 1047 2016 
Norway_009771.jpg,
Norway_008846.jpg,
Norway_009677.jpg,
Norway_008441.jpg,
Norway_008226.jpg,
Norway_010169.jpg,
Norway_009562.jpg,
Norway_009083.jpg,1 330 1447 1772 1599 
Norway_009859.jpg,
Norway_009075.jpg,
Norway_009467.jpg,
Norway_008197.jpg,1 142 1475 1843 1601 
Norway_009070.jpg,
Norway_008813.jpg,0 1438 1257 1594 1400 0 1707 1639 1907 2032 0 1585 1413 1680 1656 0 1636 1861 1769 2040 0 1249 1169 1320 1219 
Norway_009860.jpg,0 1362 1379 1449 1493 
Norway_008617.jpg,
Norway_009158.jpg,3 370 1429 494 1469 
Norway_009968.jpg,
Norway_009937.jpg,
Norway_008893.jpg,1 460 1619 1723 1687 0 1595 1256 1651 1339 0 1492 1143 1567 1365 
Norway_008431.jpg,
Norway_008931.jpg,
Norway_009324.jpg,
Norway_009038.jpg,
Norway_009121.jpg,
Norway_008737.jpg,
Norway_008765.jpg,
Norway_008207.jpg,
Norway_008291.jpg,
Norway_008754.jpg,
Norway_009147.jpg,
Norway_008727.jpg,
Norway_009737.jpg,0 1639 1578 1799 2041 0 849 1415 1283 2024 0 1132 1261 1350 1409 0 1327 1371 1376 1441 0 4 1647 529 1981 
Norway_009810.jpg,0 1329 1461 1474 2028 1 190 1377 1349 1676 0 1306 1265 1504 1573 0 1322 1202 1475 1430 
Norway_009116.jpg,
Norway_008205.jpg,
Norway_009886.jpg,0 837 1527 927 1655 
Norway_008248.jpg,0 1567 1252 1857 2035 1 1712 1809 2113 2018 0 1463 1139 1533 1242 1 1587 1469 2032 2031 
Norway_008724.jpg,
Norway_009708.jpg,
Norway_009739.jpg,
Norway_009132.jpg,
Norway_008180.jpg,
Norway_008390.jpg,0 365 1820 623 2039 0 1548 1508 1627 1727 0 1702 1789 1791 1980 0 594 1598 805 1857 0 1715 1970 1750 2043 
Norway_009924.jpg,
Norway_009123.jpg,
Norway_009029.jpg,
Norway_009127.jpg,1 492 1322 1724 1421 1 306 1656 1968 1770 
Norway_009525.jpg,
Norway_008474.jpg,1 344 1315 1534 1408 
Norway_008904.jpg,
Norway_008833.jpg,
Norway_009206.jpg,
Norway_009977.jpg,
Norway_009335.jpg,0 0 1247 890 1698 0 461 1163 1078 1456 
Norway_009907.jpg,0 1840 1561 1939 1743 0 1626 1216 1889 1549 0 773 1567 1128 1938 0 1227 1242 1376 1381 0 1085 1300 1190 1488 
Norway_008989.jpg,
Norway_008729.jpg,0 1467 1159 1579 1372 0 1455 1358 1623 2026 0 0 1480 376 1832 
Norway_008351.jpg,
Norway_009753.jpg,
Norway_008558.jpg,
Norway_008735.jpg,
Norway_009598.jpg,1 9 1902 361 2038 0 1107 1191 1279 1574 0 736 1633 1020 2030 0 0 1461 264 1688 0 0 1393 489 1947 
Norway_008221.jpg,0 717 1886 797 1945 0 732 1933 820 2039 0 1072 1182 1312 1363 2 260 1753 656 2044 0 721 1893 812 1998 
Norway_010113.jpg,
Norway_009494.jpg,0 1469 1321 1771 2025 0 31 1263 808 1693 0 1364 1843 1441 2038 0 1366 1138 1481 1302 0 1424 1644 1514 1815 
Norway_009586.jpg,
Norway_009942.jpg,0 1669 1621 1882 1996 0 1695 1801 1801 2031 
Norway_009533.jpg,0 893 1385 1081 1606 0 1095 1420 1273 1904 0 1439 1261 1550 1628 1 0 1939 1015 2041 
Norway_009447.jpg,0 1624 1245 1880 1490 0 0 1524 250 1698 
Norway_009656.jpg,
Norway_009261.jpg,
Norway_008471.jpg,0 458 1221 751 1409 
Norway_009434.jpg,0 1591 1740 1705 2032 0 1618 1270 1731 1570 0 1182 1907 1243 2035 
Norway_009988.jpg,
Norway_008638.jpg,
Norway_008253.jpg,
Norway_009472.jpg,
Norway_009925.jpg,0 1271 1501 1334 1677 0 1509 1761 1576 1865 0 1352 1331 1408 1415 0 1283 1198 1349 1283 
Norway_008518.jpg,0 1285 1355 1475 2041 0 1375 1120 1455 1308 0 1443 1275 1567 1508 0 1145 1255 1196 1317 
Norway_009812.jpg,0 609 1173 1082 1501 0 695 1648 767 1724 
Norway_009311.jpg,1 528 1448 1768 1590 0 1432 1441 1574 1662 
Norway_008715.jpg,0 335 1652 732 2035 
Norway_009979.jpg,
Norway_009422.jpg,0 1586 1314 2110 2028 
Norway_008392.jpg,
Norway_008331.jpg,0 1472 1288 2103 2033 
Norway_008645.jpg,
Norway_009401.jpg,0 1643 1658 1707 1777 0 1543 1617 1581 1688 0 1543 1268 1597 1342 0 656 1401 1003 1768 0 1595 1463 1653 1583 
Norway_010179.jpg,
Norway_010032.jpg,0 777 1088 910 1152 
Norway_010138.jpg,0 263 1416 567 1547 0 0 1407 574 1634 0 2285 1191 2793 1297 
Norway_009916.jpg,
Norway_008697.jpg,
Norway_009763.jpg,0 1086 1066 1158 1151 
Norway_009792.jpg,
Norway_009411.jpg,0 3 1444 503 1748 0 1041 1803 1157 2037 0 1573 1556 1735 1811 0 1519 1754 1631 2037 0 199 1740 548 2037 
Norway_008457.jpg,0 2767 1201 2883 1316 0 1547 1272 1591 1351 0 105 1425 444 1586 
Norway_008782.jpg,
Norway_009672.jpg,
Norway_009760.jpg,
Norway_009986.jpg,
Norway_008456.jpg,
Norway_009574.jpg,1 1659 1694 2172 1966 0 397 1350 1206 1967 
Norway_008613.jpg,
Norway_009559.jpg,
Norway_009350.jpg,0 1349 1468 1418 1587 0 1426 1319 1504 1420 1 759 1405 1614 1462 0 1401 1194 1449 1236 0 1437 1329 1535 1454 
Norway_010051.jpg,0 1548 1257 2001 2030 0 1675 1561 2000 2036 
Norway_010148.jpg,0 54 1569 733 2021 1 38 1529 928 1632 1 80 1514 769 2030 0 534 1587 981 2031 0 0 1901 83 1984 
Norway_009680.jpg,
Norway_009150.jpg,
Norway_008982.jpg,
Norway_009508.jpg,0 1473 1420 1557 1553 0 1004 1313 1180 1502 0 673 1694 848 1903 0 1233 1213 1284 1313 1 0 1786 713 1850 
Norway_008442.jpg,2 1245 1494 1636 1910 0 615 1865 762 2036 0 974 1350 1070 1471 0 713 1437 806 1513 1 1607 1795 1901 1859 
Norway_009675.jpg,0 1384 1286 1969 2028 
Norway_010133.jpg,
Norway_009136.jpg,
Norway_008704.jpg,
Norway_009489.jpg,0 1503 1382 2037 2024 
Norway_009699.jpg,
Norway_009630.jpg,
Norway_008531.jpg,0 1302 1182 1538 1462 
Norway_008259.jpg,0 1649 1286 2476 2008 
Norway_009397.jpg,
Norway_008718.jpg,
Norway_009339.jpg,
Norway_008935.jpg,
Norway_009226.jpg,
Norway_008856.jpg,0 488 1328 820 1465 
Norway_008587.jpg,
Norway_009349.jpg,0 213 1477 674 2009 
Norway_009428.jpg,
Norway_008837.jpg,
Norway_008950.jpg,
Norway_008469.jpg,
Norway_009327.jpg,1 922 1811 1253 2017 
Norway_009892.jpg,0 1441 1661 1697 2023 0 1231 1044 1273 1117 
Norway_010088.jpg,0 1549 1121 1612 1261 
Norway_010195.jpg,
Norway_010057.jpg,
Norway_009920.jpg,
Norway_009557.jpg,
Norway_009025.jpg,2 1578 1191 1684 1317 0 1 1636 311 1827 0 879 1503 1108 1622 0 1679 1329 1733 1442 0 271 1470 871 1911 
Norway_008747.jpg,0 1156 1516 1278 1678 0 687 1943 761 2040 0 998 1308 1114 1445 0 1317 1239 1437 1549 0 649 1682 753 1791 
Norway_008601.jpg,
Norway_008452.jpg,0 1637 1319 2197 2031 0 884 1413 979 1490 
Norway_008678.jpg,
Norway_008252.jpg,0 1076 1402 1257 1886 0 153 1422 803 1930 0 1249 1959 1342 2040 
Norway_010196.jpg,1 283 1452 1834 1522 
Norway_010198.jpg,
Norway_009978.jpg,
Norway_009516.jpg,0 1059 1108 1096 1139 
Norway_009681.jpg,
Norway_009674.jpg,
Norway_009296.jpg,
Norway_008409.jpg,0 1000 1446 1129 1637 0 1789 1401 2262 2025 0 1687 1832 1803 2034 0 1553 1603 1650 2009 0 0 1420 553 1754 
Norway_010155.jpg,
Norway_010045.jpg,0 1654 1619 1751 2041 0 1314 1547 1398 1838 0 1325 1410 1495 1529 0 1603 1520 1657 1644 0 1262 1196 1496 1355 
Norway_009247.jpg,0 1613 1360 1741 1527 0 1255 1379 1375 1522 0 65 1631 452 2027 0 870 1549 1030 2035 0 272 1360 646 1515 
Norway_009615.jpg,0 923 1412 1249 2031 0 1723 1751 1816 2039 0 1357 1393 1492 2037 0 1573 1322 1668 1659 0 8 1397 563 1639 
Norway_008382.jpg,0 1550 1375 2138 2035 
Norway_009049.jpg,1 1103 1466 1557 1556 1 144 1662 429 1703 
Norway_009564.jpg,
Norway_009064.jpg,3 984 1340 1074 1384 3 1464 1691 1598 1743 1 662 1383 1004 1430 
Norway_009359.jpg,0 1974 1835 2025 2008 
Norway_008421.jpg,
Norway_009218.jpg,
Norway_008532.jpg,0 1014 1726 1197 2002 0 242 1557 609 1762 0 678 1827 771 1908 0 1059 1953 1125 2040 1 655 1747 1095 1808 
Norway_009720.jpg,
Norway_008961.jpg,
Norway_008750.jpg,
Norway_008337.jpg,
Norway_008454.jpg,
Norway_009305.jpg,
Norway_008725.jpg,0 1801 1462 1961 2040 0 383 1919 509 2043 0 1588 1244 1691 1427 0 1508 1392 1622 1482 0 384 1335 819 1564 
Norway_008166.jpg,
Norway_008355.jpg,
Norway_010030.jpg,
Norway_009744.jpg,
Norway_008283.jpg,
Norway_010130.jpg,0 1407 1303 1656 1631 
Norway_009608.jpg,
Norway_009870.jpg,
Norway_009751.jpg,
Norway_009065.jpg,0 146 1622 377 1739 0 650 1335 922 1471 0 426 1443 623 1553 1 0 1854 382 1937 1 436 1515 1505 1601 
Norway_008263.jpg,
Norway_008528.jpg,2 828 1476 1420 2044 2 4 1526 767 1959 0 1375 1888 1433 1943 2 1530 1434 1836 1860 
Norway_009647.jpg,
Norway_008503.jpg,0 767 1769 910 2009 1 0 1632 1874 1756 
Norway_008604.jpg,0 1487 1875 1580 2042 0 875 1356 1254 2042 0 797 1320 949 1429 0 1514 1290 1645 1407 0 1672 1552 1980 1935 
Norway_010161.jpg,
Norway_009723.jpg,
Norway_008827.jpg,0 1689 1337 1909 1578 
Norway_008227.jpg,
Norway_008985.jpg,
Norway_009628.jpg,0 30 1455 647 1874 0 830 1639 926 1760 0 655 1554 729 1629 0 611 1338 724 1417 
Norway_008901.jpg,
Norway_009106.jpg,
Norway_008490.jpg,0 1497 1254 1608 1445 2 1023 1351 1200 1523 0 1603 1448 1874 2041 0 1013 1354 1184 1535 0 1448 1204 1591 1409 
Norway_008584.jpg,
Norway_009137.jpg,0 3 1579 150 1673 0 1662 1187 1955 1486 
Norway_008239.jpg,
Norway_009569.jpg,0 578 1264 851 1408 
Norway_009966.jpg,0 1262 1418 1474 2029 
Norway_008906.jpg,
Norway_008510.jpg,
Norway_008896.jpg,1 1146 1451 1436 1480 0 5 1682 266 1867 0 480 1514 688 1653 1 1222 1295 1482 1330 1 797 1656 1728 1724 
Norway_008657.jpg,0 1085 1075 1152 1199 
Norway_009424.jpg,0 643 1666 906 2037 0 922 1451 1143 1726 0 1334 1643 1421 2040 0 385 1747 655 1983 0 491 1607 605 1763 
Norway_008633.jpg,
Norway_009096.jpg,
Norway_009755.jpg,2 344 1549 994 2023 1 7 1774 512 1841 0 1011 1348 1117 1454 
Norway_010052.jpg,
Norway_009660.jpg,0 962 1170 1270 1311 0 993 1241 1418 1744 0 1823 1499 1958 1699 0 1762 1214 1850 1377 1 585 1480 897 1574 
Norway_009721.jpg,
Norway_008842.jpg,0 1638 1807 1726 1995 0 1812 1820 1879 1912 0 1594 1581 1657 1819 0 1741 1645 1802 1745 0 1517 1306 1625 1611 
Norway_009410.jpg,0 1910 1734 2128 2027 
Norway_009541.jpg,
Norway_009788.jpg,0 879 1383 1170 1622 0 399 1815 608 2022 
Norway_008585.jpg,
Norway_009856.jpg,
Norway_008785.jpg,0 340 1436 1056 2028 1 1284 1589 1816 1647 0 688 1358 860 1447 0 1917 1831 2060 2038 0 1470 1230 1513 1311 
Norway_010150.jpg,
Norway_009969.jpg,
Norway_010172.jpg,
Norway_009504.jpg,
Norway_009040.jpg,
Norway_009371.jpg,
Norway_009980.jpg,0 1694 1861 1818 2038 0 1637 1962 1691 2043 0 1410 1469 1440 1538 0 1222 1105 1284 1179 0 1488 1416 1524 1472 
Norway_008941.jpg,
Norway_008272.jpg,
Norway_009767.jpg,
Norway_009815.jpg,
Norway_009852.jpg,
Norway_009866.jpg,0 831 1484 937 1608 
Norway_009950.jpg,0 1519 1197 1640 1449 2 1521 1453 1726 2026 0 992 1381 1086 1491 0 273 1464 550 1630 
Norway_009861.jpg,
Norway_008504.jpg,0 1719 1540 2034 2034 0 1615 1227 1757 1474 0 812 1597 1045 2026 0 1743 1358 1890 1608 0 826 1870 916 2041 
Norway_008866.jpg,0 1471 1112 1583 1298 0 1611 1383 1775 1491 
Norway_009303.jpg,
Norway_009798.jpg,0 1422 1234 2024 2028 
Norway_008413.jpg,0 2150 1825 2448 2026 
Norway_008367.jpg,
Norway_010154.jpg,
Norway_009309.jpg,0 1342 1588 1531 1827 0 1105 1765 1265 1973 0 1510 1387 1582 1485 0 1612 1523 1653 1615 0 1538 1132 1574 1204 
Norway_010108.jpg,0 1733 1483 2075 2020 
Norway_010020.jpg,
Norway_008169.jpg,0 902 1619 995 1735 0 488 1966 556 2039 0 345 1368 1082 2023 0 1304 1093 1357 1169 
Norway_008892.jpg,
Norway_009820.jpg,
Norway_008834.jpg,
Norway_010006.jpg,
Norway_010034.jpg,
Norway_009566.jpg,0 1641 1331 2025 2031 0 748 1752 950 2023 
Norway_008232.jpg,0 851 1228 1056 1347 0 232 1441 653 1708 
Norway_009802.jpg,
Norway_008812.jpg,0 658 1216 1113 1704 0 433 1643 802 2020 0 1126 1154 1174 1214 0 1372 1327 1425 1434 
Norway_009573.jpg,
Norway_009281.jpg,
Norway_010009.jpg,
Norway_008199.jpg,
Norway_008241.jpg,
Norway_010015.jpg,
Norway_009874.jpg,
Norway_009242.jpg,
Norway_008393.jpg,
Norway_010127.jpg,
Norway_009343.jpg,
Norway_008450.jpg,
Norway_008198.jpg,
Norway_009105.jpg,0 4 1719 384 2028 0 797 1236 1017 1345 0 1033 1193 1214 1274 0 1016 1292 1196 1437 0 870 1431 926 1492 
Norway_010189.jpg,
Norway_008372.jpg,
Norway_008751.jpg,
Norway_009543.jpg,
Norway_009898.jpg,
Norway_008646.jpg,
Norway_009506.jpg,0 500 1621 829 1944 2 1283 1349 1775 2044 1 0 1933 1420 2029 1 930 1755 1376 1805 0 939 1290 1121 1482 
Norway_010017.jpg,
Norway_008570.jpg,3 1209 1349 1282 1394 
Norway_009731.jpg,
Norway_009940.jpg,
Norway_008828.jpg,0 1360 1184 1407 1278 
Norway_009692.jpg,
Norway_009124.jpg,
Norway_009334.jpg,
Norway_009544.jpg,
Norway_009661.jpg,0 1304 1825 1378 2037 
Norway_009118.jpg,
Norway_008519.jpg,0 106 1298 420 1448 
Norway_009483.jpg,
Norway_009414.jpg,0 0 1351 519 1704 0 1536 1777 1639 2037 
Norway_008653.jpg,0 0 1224 651 1542 0 1492 1656 1623 1793 0 705 1099 992 1223 0 1411 1473 1496 1614 0 1364 1223 1491 1439 
Norway_008218.jpg,0 2064 1866 2190 2041 0 1528 1406 1587 1521 2 1687 1357 2077 2029 
Norway_009418.jpg,0 851 1273 1232 1628 
Norway_010068.jpg,
Norway_009230.jpg,
Norway_009629.jpg,
Norway_008914.jpg,
Norway_009644.jpg,
Norway_009513.jpg,0 1841 1579 2025 1774 0 1927 1773 2024 1982 1 1695 1957 2030 2039 
Norway_010013.jpg,0 1083 1464 1442 2027 0 1475 1312 1531 1477 0 2393 1868 2567 2033 0 1232 1214 1293 1304 0 786 1645 982 1874 
Norway_009196.jpg,
Norway_008841.jpg,0 1856 1618 1950 1756 
Norway_008857.jpg,
Norway_008274.jpg,0 1323 1499 1443 1886 0 1110 1850 1230 2041 0 1415 1183 1502 1517 0 831 1314 1059 1619 0 1636 1732 1817 1823 
Norway_010183.jpg,0 0 1458 347 1716 0 3444 599 3559 909 
Norway_009770.jpg,
Norway_009288.jpg,
Norway_009272.jpg,3 1376 1359 1441 1390 
Norway_009148.jpg,0 1178 1319 1220 1390 0 1425 1291 1509 1634 0 1457 1111 1485 1207 0 1001 1106 1230 1207 0 1177 1424 1306 1750 
Norway_008444.jpg,
Norway_010022.jpg,
Norway_008362.jpg,
Norway_008990.jpg,0 1530 1247 1715 2024 
Norway_009813.jpg,0 0 1585 192 1766 
Norway_008297.jpg,
Norway_008294.jpg,
Norway_010170.jpg,
Norway_008970.jpg,0 1189 1352 1247 1414 0 1180 1168 1270 1232 0 921 1248 1070 1347 2 1324 1168 1490 1364 0 1585 1315 1716 1517 
Norway_009785.jpg,
Norway_008186.jpg,
Norway_009345.jpg,
Norway_008863.jpg,
Norway_009894.jpg,
Norway_009891.jpg,
Norway_009227.jpg,
Norway_009949.jpg,
Norway_009036.jpg,
Norway_008691.jpg,
Norway_008693.jpg,1 153 1485 1603 1581 
Norway_009306.jpg,
Norway_009520.jpg,
Norway_009145.jpg,
Norway_008336.jpg,0 1257 1196 1349 1328 0 1452 1190 1502 1292 
Norway_010190.jpg,
Norway_009440.jpg,
Norway_010111.jpg,
Norway_009235.jpg,0 0 1292 461 1575 
Norway_009922.jpg,
Norway_008759.jpg,
Norway_009183.jpg,
Norway_009742.jpg,0 1316 1193 1389 1328 
Norway_008971.jpg,0 1040 1356 1262 1705 0 1980 1736 2203 2030 0 1798 1496 1928 1666 0 1630 1298 1704 1414 0 1555 1187 1696 1298 
Norway_010070.jpg,0 894 1402 1238 2032 0 9 1516 668 1908 
Norway_009914.jpg,
Norway_008631.jpg,
Norway_009328.jpg,
Norway_009655.jpg,
Norway_010173.jpg,
Norway_010087.jpg,0 1382 1256 1891 2027 
Norway_009689.jpg,0 1087 1192 1276 1350 0 0 1293 853 1935 0 0 1478 443 2041 0 469 1143 1127 1424 0 233 1208 955 1643 
Norway_009480.jpg,
Norway_009486.jpg,2 1541 1412 1856 2041 
Norway_009234.jpg,0 1370 1234 1458 1353 
Norway_008957.jpg,0 1282 1301 1766 2033 
Norway_010122.jpg,
Norway_009259.jpg,
Norway_009917.jpg,0 1569 1840 1666 2034 0 420 1473 991 2026 0 995 1233 1232 1449 0 1507 1293 1572 1366 1 387 1417 1241 1473 
Norway_008246.jpg,
Norway_008171.jpg,
Norway_008909.jpg,0 611 1244 894 1445 0 181 1363 980 2018 0 1069 1161 1170 1360 0 3 1335 627 1662 
Norway_009960.jpg,0 1055 1265 1331 1496 1 278 1477 1374 1558 
Norway_008215.jpg,0 1555 1368 2106 2029 
Norway_009460.jpg,0 1819 1743 1892 1914 0 1866 1568 2264 2031 
Norway_008204.jpg,
Norway_009774.jpg,
Norway_009895.jpg,0 1068 1758 1212 2038 0 357 1318 1115 2013 0 1190 1455 1234 1526 0 1226 1288 1398 2034 0 1269 1243 1427 1746 
Norway_009807.jpg,
Norway_009918.jpg,
Norway_008395.jpg,
Norway_008943.jpg,0 2299 1960 2377 2038 
Norway_010115.jpg,0 1639 1391 1789 1657 0 1791 1662 1996 2044 0 634 1253 935 1399 0 1523 1128 1581 1249 
Norway_008230.jpg,
Norway_008403.jpg,
Norway_008446.jpg,3 1929 1427 2046 1462 
Norway_009671.jpg,0 1201 1181 1257 1374 
Norway_008781.jpg,
Norway_008224.jpg,
Norway_009487.jpg,
Norway_008783.jpg,
Norway_008424.jpg,
Norway_008734.jpg,
Norway_008791.jpg,
Norway_009633.jpg,
Norway_008850.jpg,
Norway_009846.jpg,
Norway_008921.jpg,0 961 1209 1088 1355 0 1354 1063 1442 1110 0 1479 1088 1537 1124 
Norway_010072.jpg,0 82 1793 431 2040 0 451 1566 787 1826 0 1303 1863 1361 2043 0 1399 1661 1517 1797 0 1230 1184 1339 1261 
Norway_009179.jpg,1 163 1454 1755 1530 
Norway_009041.jpg,
Norway_008884.jpg,
Norway_009727.jpg,
Norway_009722.jpg,
Norway_009056.jpg,
Norway_008276.jpg,0 889 1298 981 1374 
Norway_009670.jpg,0 39 1455 547 1722 0 1914 1596 2311 2013 0 1667 1616 1873 2030 0 1458 1255 1610 1600 0 581 1333 815 1448 
Norway_008181.jpg,
Norway_009497.jpg,
Norway_009927.jpg,
Norway_008959.jpg,0 483 1275 596 1346 1 218 1321 574 1365 
Norway_008448.jpg,
Norway_008298.jpg,
Norway_008339.jpg,
Norway_009354.jpg,
Norway_008319.jpg,
Norway_009088.jpg,
Norway_009605.jpg,
Norway_009387.jpg,
Norway_009666.jpg,0 386 1795 628 2038 0 1545 1289 1646 1460 0 1410 1175 1486 1352 0 1495 1139 1586 1281 0 1389 1356 1495 2030 
Norway_009824.jpg,0 861 1430 1128 1632 0 614 1674 903 1907 0 1276 1164 1619 1407 0 1831 1500 1887 1732 1 836 1675 1858 1749 
Norway_008545.jpg,
Norway_010149.jpg,
Norway_008905.jpg,
Norway_010159.jpg,
Norway_008713.jpg,
Norway_010119.jpg,
Norway_008190.jpg,
Norway_009877.jpg,
Norway_008281.jpg,0 550 1349 750 1460 
Norway_009826.jpg,0 1543 1703 1657 1862 
Norway_008538.jpg,
Norway_010090.jpg,0 454 1396 733 1524 0 1167 1397 1304 1685 0 892 1144 1213 1332 0 787 1172 1198 1416 0 693 1224 1054 1419 
Norway_010082.jpg,0 571 1701 739 1853 0 571 1463 847 1658 
Norway_009271.jpg,
Norway_008586.jpg,
Norway_008918.jpg,
Norway_009356.jpg,
Norway_008470.jpg,0 1334 1066 1391 1119 
Norway_009010.jpg,0 231 1665 625 2040 0 878 1294 1002 1420 0 237 1328 593 1512 0 617 1344 774 1503 0 632 1295 712 1366 
Norway_009579.jpg,
Norway_010081.jpg,
Norway_008988.jpg,0 2032 1767 2158 2033 0 1618 1517 1704 1634 0 445 1444 780 1734 0 806 1325 1298 2039 0 984 1222 1306 1517 
Norway_009353.jpg,0 1660 1675 1774 2031 0 2605 1855 2810 2028 
Norway_009457.jpg,
Norway_008183.jpg,
Norway_009733.jpg,
Norway_009023.jpg,
Norway_009786.jpg,0 552 1976 603 2040 
Norway_009253.jpg,0 475 1206 602 1276 0 1563 1590 1659 1719 0 1313 1297 1519 1568 
Norway_008261.jpg,
Norway_009155.jpg,
Norway_008934.jpg,
Norway_008497.jpg,
Norway_009342.jpg,0 1497 1310 2117 2009 
Norway_010049.jpg,
Norway_009197.jpg,3 504 1792 753 2039 0 1329 1356 1503 2029 1 2264 1915 2565 2044 1 1548 1740 1836 1935 1 754 1447 1199 1506 
Norway_008234.jpg,
Norway_008438.jpg,
Norway_009609.jpg,
Norway_009502.jpg,
Norway_009682.jpg,
Norway_009200.jpg,
Norway_008568.jpg,0 1433 1190 1520 1296 0 131 1898 263 2041 0 306 1400 1086 2021 0 1194 1075 1369 1206 
Norway_009160.jpg,
Norway_008229.jpg,0 1773 1127 1881 1209 
Norway_009168.jpg,0 590 1174 1193 1718 0 971 1173 1196 1460 1 0 1783 1980 1944 0 1373 1194 1504 1408 
Norway_009475.jpg,
Norway_010053.jpg,0 1529 1372 2158 2021 
Norway_009443.jpg,0 0 1562 223 1695 0 1274 1209 1318 1244 
Norway_009377.jpg,
Norway_008903.jpg,
Norway_009140.jpg,
Norway_009055.jpg,
Norway_008541.jpg,
Norway_008170.jpg,0 264 1903 465 2038 
Norway_008537.jpg,
Norway_008547.jpg,
Norway_008591.jpg,3 894 1409 958 1441 
Norway_008787.jpg,
Norway_009491.jpg,
Norway_008777.jpg,
Norway_009363.jpg,1 140 1595 797 1711 1 603 1442 1663 1506 0 1611 1280 1746 1490 0 1388 1380 1449 1484 
Norway_008552.jpg,0 903 1595 1283 2030 0 1321 1308 1427 1634 0 760 1236 997 1338 0 1528 1256 1614 1311 0 1530 1153 1561 1209 
Norway_008683.jpg,
Norway_009888.jpg,
Norway_008443.jpg,
Norway_009138.jpg,
Norway_009765.jpg,
Norway_008559.jpg,0 198 1544 798 2025 0 1433 1157 1500 1343 
Norway_008608.jpg,0 1154 1121 1228 1223 
Norway_009766.jpg,
Norway_010116.jpg,
Norway_009556.jpg,
Norway_009507.jpg,
Norway_008397.jpg,
Norway_008459.jpg,
Norway_008335.jpg,
Norway_008364.jpg,
Norway_009534.jpg,
Norway_009405.jpg,
Norway_008388.jpg,0 9 1660 515 2041 0 647 1565 876 1852 0 887 1300 1079 1561 0 1180 1320 1641 1881 2 1298 1490 2006 2004 
Norway_009499.jpg,0 2032 1580 2495 1897 0 2478 1896 2738 2035 0 1832 1719 1984 1892 
Norway_009835.jpg,
Norway_009547.jpg,0 768 1428 919 1545 0 13 1572 578 1984 0 215 1395 456 1494 0 1174 1661 1284 2044 0 1045 1254 1103 1301 
Norway_008702.jpg,
Norway_009555.jpg,
Norway_009225.jpg,
Norway_008363.jpg,
Norway_009701.jpg,0 1416 1874 1510 2043 0 1132 1675 1217 1849 0 484 1569 775 2035 0 1490 1753 1532 1853 0 482 1796 648 2042 
Norway_008879.jpg,
Norway_009841.jpg,
Norway_010093.jpg,
Norway_009119.jpg,0 1099 1284 1270 1569 0 1147 1541 1267 2027 0 753 1965 827 2038 
Norway_009625.jpg,1 751 1724 1066 1897 0 151 1619 270 1714 1 1198 1614 1604 1804 1 15 1764 494 1977 1 514 1570 777 1733 
Norway_009058.jpg,
Norway_008328.jpg,0 747 1684 927 2036 0 784 1119 993 1241 1 650 1533 1866 1631 0 1208 1165 1273 1230 0 0 1219 827 1587 
Norway_009300.jpg,
Norway_008486.jpg,
Norway_010071.jpg,
Norway_009944.jpg,
Norway_010085.jpg,
Norway_009724.jpg,0 693 1629 857 1774 
Norway_010162.jpg,
Norway_008555.jpg,
Norway_008755.jpg,0 1223 1214 1345 1334 0 918 1349 1211 1578 0 1628 1264 1654 1312 
Norway_010089.jpg,
Norway_009297.jpg,
Norway_009100.jpg,
Norway_009211.jpg,
Norway_008814.jpg,
Norway_009223.jpg,
Norway_009749.jpg,
Norway_009398.jpg,
Norway_009366.jpg,
Norway_008786.jpg,0 1465 1323 1677 1633 0 434 1379 536 1431 0 1442 1587 1522 1692 
Norway_009571.jpg,
Norway_008881.jpg,0 287 1944 394 2040 0 302 1566 838 2024 0 1423 1233 1472 1313 
Norway_009042.jpg,
Norway_008607.jpg,
Norway_008951.jpg,
Norway_009552.jpg,
Norway_009033.jpg,
Norway_008563.jpg,0 1932 1901 2013 2042 0 1884 1771 2006 1912 0 1534 1176 1606 1295 0 1819 1539 1957 1762 0 1622 1371 1761 1517 
Norway_009282.jpg,
Norway_010177.jpg,0 623 1737 917 2036 0 1075 1495 1182 1638 0 6 1537 631 2016 0 1084 1619 1165 1845 0 584 1569 668 1665 
Norway_008379.jpg,0 1040 1347 1190 1731 0 982 1125 1115 1341 
Norway_008788.jpg,
Norway_010094.jpg,
Norway_008299.jpg,0 0 1316 868 1844 0 479 1147 1123 1534 
Norway_009915.jpg,
Norway_009032.jpg,
Norway_008279.jpg,
Norway_008310.jpg,
Norway_008368.jpg,
Norway_008228.jpg,
Norway_008447.jpg,0 1268 1248 1347 1368 0 1340 1124 1390 1192 1 207 1380 1754 1486 1 0 1803 1904 1970 0 550 1434 942 1800 
Norway_008612.jpg,0 716 1249 1188 1644 
Norway_009389.jpg,
Norway_008188.jpg,0 1526 1178 1585 1266 
Norway_008642.jpg,
Norway_008334.jpg,0 621 1313 785 1471 0 17 1570 243 1757 
Norway_008292.jpg,0 1273 1581 1318 1669 0 645 1523 847 1656 2 1434 1060 1508 1230 0 1433 1060 1525 1296 0 1487 1230 1553 1310 
Norway_009735.jpg,0 185 1722 468 1942 
Norway_008289.jpg,
Norway_008222.jpg,0 743 1512 1055 1923 0 1569 1284 1649 1358 0 513 1255 1012 1529 0 0 1445 638 1797 0 1177 1265 1268 1366 
Norway_009084.jpg,
Norway_009430.jpg,
Norway_008583.jpg,0 1506 1346 1957 2027 
Norway_009167.jpg,0 1808 1815 1935 2035 
Norway_010033.jpg,
Norway_008194.jpg,0 1474 1213 1547 1352 0 215 1284 893 1605 
Norway_009080.jpg,0 9 1260 599 1576 
Norway_009344.jpg,
Norway_008577.jpg,
Norway_008936.jpg,
Norway_008848.jpg,
Norway_009780.jpg,
Norway_008556.jpg,0 323 1282 921 2035 
Norway_008839.jpg,0 1761 1430 2155 2036 0 1963 1750 2145 2036 0 1547 1969 1602 2040 
Norway_008499.jpg,
Norway_009695.jpg,1 375 1737 1081 2020 
Norway_009046.jpg,
Norway_008375.jpg,
Norway_010124.jpg,0 1337 1227 1438 1318 1 673 1367 1643 1423 0 809 1399 914 1500 0 1215 1095 1310 1232 0 1223 1139 1384 1289 
Norway_009099.jpg,0 1858 1490 2431 2037 0 465 1289 783 1452 
Norway_009719.jpg,
Norway_009495.jpg,
Norway_010099.jpg,
Norway_008404.jpg,0 1021 1274 1367 2033 0 1251 1111 1290 1188 0 0 1313 886 1953 0 1180 1282 1253 1372 0 995 1478 1147 1694 
Norway_008175.jpg,
Norway_009934.jpg,
Norway_008374.jpg,
Norway_009357.jpg,
Norway_010065.jpg,
Norway_009592.jpg,
Norway_008182.jpg,
Norway_009582.jpg,
Norway_008654.jpg,
Norway_009560.jpg,
Norway_008998.jpg,
Norway_009431.jpg,
Norway_008960.jpg,
Norway_008237.jpg,
Norway_008768.jpg,
Norway_008324.jpg,
Norway_009393.jpg,
Norway_008301.jpg,
Norway_009694.jpg,
Norway_009998.jpg,
Norway_009185.jpg,
Norway_009948.jpg,
Norway_010139.jpg,0 1008 1162 1336 1452 0 1669 1689 1789 2035 0 837 1225 932 1274 0 1534 1201 1626 1420 0 1624 1198 1691 1301 
Norway_009441.jpg,0 5 1217 512 1507 0 1372 1879 1431 2025 
Norway_009853.jpg,
Norway_009407.jpg,0 269 1413 554 1541 1 954 1180 1320 1221 
Norway_009587.jpg,
Norway_010175.jpg,
Norway_009910.jpg,0 0 1431 444 1651 
Norway_008824.jpg,
Norway_009315.jpg,
Norway_008818.jpg,
Norway_009814.jpg,
Norway_008581.jpg,
Norway_009554.jpg,
Norway_008871.jpg,
Norway_008680.jpg,0 958 1560 1020 1700 
Norway_009539.jpg,0 1795 1576 2030 2035 0 264 1324 871 1665 0 1459 1487 1535 1550 0 1384 1257 1477 1379 2 1431 1122 1590 1288 
Norway_009526.jpg,0 1517 1432 1884 2024 
Norway_008819.jpg,0 1165 1205 1210 1387 
Norway_009546.jpg,
Norway_009078.jpg,
Norway_009274.jpg,
Norway_008260.jpg,
Norway_009837.jpg,
Norway_008716.jpg,0 1360 1199 1456 1829 0 1487 1318 1532 1401 
Norway_008506.jpg,
Norway_008872.jpg,
Norway_009090.jpg,
Norway_008740.jpg,
Norway_008251.jpg,
Norway_009865.jpg,
Norway_009314.jpg,
Norway_010140.jpg,
Norway_008238.jpg,0 0 1360 553 1611 
Norway_008201.jpg,
Norway_008776.jpg,0 1050 1385 1132 1486 0 210 1432 626 1678 3 710 1904 781 1953 0 853 1395 1118 1725 
Norway_008976.jpg,
Norway_008757.jpg,
Norway_008875.jpg,
Norway_008779.jpg,
Norway_008206.jpg,0 1130 1174 1221 1421 
Norway_010151.jpg,
Norway_010026.jpg,
Norway_009149.jpg,
Norway_010047.jpg,
Norway_009618.jpg,
Norway_008496.jpg,0 584 1732 697 1834 
Norway_008925.jpg,
Norway_010063.jpg,
Norway_010035.jpg,0 32 1612 359 1802 
Norway_010073.jpg,0 782 1141 1162 1305 0 0 1491 361 1729 
Norway_009985.jpg,
Norway_009222.jpg,
Norway_008309.jpg,
Norway_009035.jpg,2 1 1479 460 1751 0 0 1664 238 1886 0 0 1480 418 1843 
Norway_010171.jpg,0 1746 1735 1933 2044 0 652 1717 731 1783 0 1580 1431 1644 1559 0 1710 1547 1760 1654 
Norway_009902.jpg,
Norway_008805.jpg,0 246 1549 657 2022 0 1115 1469 1279 1720 
Norway_009691.jpg,
Norway_009783.jpg,0 226 1401 1113 2034 0 1191 1074 1429 1236 
Norway_008700.jpg,
Norway_009134.jpg,
Norway_009638.jpg,
Norway_009538.jpg,
Norway_008942.jpg,
Norway_010118.jpg,0 586 1699 689 2034 0 586 1485 660 1567 0 201 1499 546 1856 0 418 1717 470 1811 
Norway_010200.jpg,
Norway_008956.jpg,0 40 1425 374 1602 0 458 1311 638 1432 0 0 1235 573 1465 
Norway_009610.jpg,
Norway_010091.jpg,
Norway_009050.jpg,0 1718 1321 2544 2011 0 1306 1156 1372 1224 0 485 1241 1255 1729 0 292 1654 659 2017 0 1633 1186 1715 1266 
Norway_009382.jpg,
Norway_008275.jpg,
Norway_010135.jpg,
Norway_008798.jpg,
Norway_008810.jpg,0 1421 1343 2032 2030 
Norway_009740.jpg,
Norway_009848.jpg,
Norway_009190.jpg,
Norway_010064.jpg,
Norway_008797.jpg,
Norway_009391.jpg,
Norway_010197.jpg,
Norway_008692.jpg,
Norway_009456.jpg,0 982 1401 1156 2022 
Norway_008430.jpg,
Norway_008800.jpg,
Norway_008865.jpg,
Norway_009369.jpg,0 960 1629 1173 2041 0 1447 1366 1553 1669 0 323 1408 1030 2041 0 1511 1179 1549 1241 
Norway_009184.jpg,
Norway_009482.jpg,
Norway_008643.jpg,
Norway_008425.jpg,
Norway_010194.jpg,1 1313 1641 1804 1763 0 1287 1594 1457 2036 0 396 1345 605 1440 0 1262 1431 1335 1779 0 1117 1252 1233 1405 
Norway_008423.jpg,0 1515 1128 1956 1948 
Norway_009107.jpg,1 1143 1249 1518 1330 0 1826 1803 1984 2044 1 1580 1727 2649 1840 
Norway_009912.jpg,
Norway_008535.jpg,0 1537 1266 1915 2033 0 2045 1804 2290 2026 
Norway_008897.jpg,0 1111 1106 1377 1221 
Norway_008440.jpg,0 1191 1276 1400 1585 0 1130 1539 1240 1653 0 984 1764 1100 1957 0 1128 1384 1339 1660 0 1514 1113 1544 1151 
Norway_008979.jpg,
Norway_008514.jpg,0 0 1563 470 1947 0 1723 1421 1874 1918 0 1070 1258 1188 1315 0 3 1649 252 1982 0 96 1483 696 1771 
Norway_008356.jpg,
Norway_008477.jpg,
Norway_009416.jpg,
Norway_009568.jpg,2 1605 1292 2105 2005 0 2096 1814 2274 2031 0 1729 1802 1836 2037 0 1482 1417 1663 1819 0 1539 1325 1583 1426 
Norway_008300.jpg,1 0 1547 199 1670 
Norway_008575.jpg,
Norway_008930.jpg,0 1250 1548 1323 1698 0 1212 1282 1320 1468 
Norway_008338.jpg,
Norway_008766.jpg,0 1171 1244 1656 1406 
Norway_008851.jpg,
Norway_009637.jpg,
Norway_008623.jpg,
Norway_008286.jpg,
Norway_008870.jpg,0 3823 1844 3931 1916 
Norway_008669.jpg,
Norway_009992.jpg,
Norway_009951.jpg,
Norway_008277.jpg,
Norway_009908.jpg,0 1493 1328 1651 1615 0 1622 1787 1743 2036 0 223 1632 702 2028 
Norway_009069.jpg,
Norway_008264.jpg,
Norway_008187.jpg,
Norway_009700.jpg,
Norway_008885.jpg,
Norway_008354.jpg,
Norway_009449.jpg,0 3 1729 333 1962 
Norway_009601.jpg,
Norway_009477.jpg,0 1139 1127 1199 1203 
Norway_009775.jpg,0 1709 1282 1842 1458 0 1602 1479 1723 1934 0 1774 1457 1977 2034 1 673 1882 1299 1989 0 826 1227 1175 1492 
Norway_008360.jpg,0 914 1250 949 1322 0 1044 1255 1119 1325 
Norway_008753.jpg,0 1233 1381 1424 2041 0 1735 1836 1844 2039 0 1613 1499 1704 1705 0 208 1857 294 1953 1 529 1344 1444 1492 
Norway_009790.jpg,
Norway_008609.jpg,
Norway_008641.jpg,0 1546 1598 1789 2038 0 170 1214 1087 1669 0 1962 1959 2021 2035 
Norway_008915.jpg,0 1318 1180 1367 1267 0 2 1444 617 1767 
Norway_009828.jpg,
Norway_008628.jpg,
Norway_008987.jpg,
Norway_008668.jpg,
Norway_009027.jpg,
Norway_008685.jpg,0 5 1279 614 1651 0 541 1168 803 1317 
Norway_009863.jpg,
Norway_009165.jpg,0 1649 1536 1739 1696 0 1070 1174 1343 1458 0 9 1388 540 1642 0 1600 1424 1658 1517 0 816 1583 972 1762 
Norway_009470.jpg,0 1471 1086 1533 1133 
Norway_009725.jpg,0 581 1413 990 2028 0 337 1949 450 2039 
Norway_008318.jpg,0 1495 1187 1539 1247 
Norway_009492.jpg,0 181 1420 751 1741 0 794 1274 1043 1436 0 1328 1134 1364 1199 
Norway_009961.jpg,0 1787 1466 2169 2034 0 154 1353 1097 2004 
Norway_009413.jpg,
Norway_009073.jpg,
Norway_008384.jpg,0 1565 1161 1671 1422 0 1460 1109 1529 1252 0 1547 1066 1592 1155 0 1601 1263 1671 1423 0 1463 1080 1562 1286 
Norway_008799.jpg,
Norway_009395.jpg,
Norway_008843.jpg,
Norway_010028.jpg,0 615 1136 993 1350 
Norway_008383.jpg,0 297 1789 518 1957 0 1278 1309 1368 1406 0 1832 1800 1939 2038 0 1315 1748 1425 2027 0 1341 1404 1413 1558 
Norway_009512.jpg,
Norway_010163.jpg,
Norway_010000.jpg,
Norway_008485.jpg,
Norway_008911.jpg,
Norway_008366.jpg,0 1373 1233 1627 1550 
Norway_008667.jpg,
Norway_010046.jpg,
Norway_009705.jpg,0 1405 1264 1979 2032 
Norway_009130.jpg,
Norway_008869.jpg,0 1042 1253 1139 1393 
Norway_010131.jpg,
Norway_008730.jpg,0 2007 1830 2116 2032 0 1531 1205 1635 1326 0 1623 1404 1710 1503 0 1439 1276 1627 2011 0 1 1542 322 1753 
Norway_009245.jpg,
Norway_009205.jpg,
Norway_008381.jpg,0 78 1609 389 1794 
Norway_009991.jpg,
Norway_010182.jpg,2 755 1051 987 1157 2 0 1193 736 1538 
Norway_009385.jpg,
Norway_008553.jpg,
Norway_008460.jpg,
Norway_009787.jpg,0 871 1671 1123 2037 0 1454 1269 1544 1600 0 0 1571 457 1879 0 1091 1279 1362 1570 0 890 1324 1186 1549 
Norway_009829.jpg,0 1620 1485 1741 1994 0 1524 1202 1605 1527 
Norway_008200.jpg,
Norway_008433.jpg,0 1384 1293 1489 1416 0 382 1307 788 1581 0 1252 1225 1371 1305 0 1388 1417 1635 2041 0 1541 1415 1750 1600 
Norway_008394.jpg,
Norway_008840.jpg,
Norway_008705.jpg,
Norway_009652.jpg,
Norway_008912.jpg,1 187 1538 1685 1648 
Norway_008610.jpg,0 958 1322 1056 1458 
Norway_009471.jpg,0 1288 1279 1396 1507 0 665 1704 885 1948 0 510 1358 961 1690 0 1268 1735 1425 1988 0 5 1681 311 2025 
Norway_009838.jpg,
Norway_009260.jpg,0 696 1590 971 1901 0 1677 1564 1723 1714 2 1136 1610 1939 2041 
Norway_008370.jpg,0 1682 1539 2143 2023 
Norway_008307.jpg,1 411 1430 1904 1533 
Norway_009648.jpg,
Norway_009415.jpg,
Norway_009653.jpg,0 5 1243 857 1685 0 763 1221 969 1320 
Norway_009855.jpg,
Norway_008316.jpg,0 1352 1877 1438 2040 0 1271 1452 1511 1849 0 1448 1173 1568 1325 0 1336 1763 1457 2041 
Norway_009823.jpg,0 741 1144 998 1291 0 372 1877 490 1985 
Norway_008690.jpg,
Norway_009668.jpg,0 1660 1522 1744 1744 
Norway_009984.jpg,0 0 1343 903 1939 
Norway_008191.jpg,
Norway_009913.jpg,2 1455 1617 2017 2036 3 1832 1399 2031 1488 0 1463 1194 1541 1422 0 1466 1193 1525 1319 1 873 1397 1805 1479 
Norway_008883.jpg,0 296 1434 668 1666 0 1 1658 319 1964 0 1162 1134 1232 1185 0 1521 1149 1562 1218 0 1532 1496 1580 1602 
Norway_008488.jpg,0 608 1095 1247 1389 0 1474 1298 1579 1588 0 1450 1572 1584 1818 0 1345 1836 1453 2041 0 1016 1504 1190 2041 
Norway_008434.jpg,
Norway_009126.jpg,0 1554 1530 1692 1995 0 1650 1971 1690 2039 0 1203 1113 1271 1257 0 2094 1798 2228 1916 
Norway_009301.jpg,
Norway_009400.jpg,
Norway_008672.jpg,
Norway_010117.jpg,
Norway_008689.jpg,0 1279 1215 1350 1278 0 1397 1368 1546 1644 
Norway_009419.jpg,
Norway_009649.jpg,0 1580 1761 1695 2036 
Norway_008663.jpg,0 836 1879 1011 2034 0 1173 1295 1333 1643 0 498 1451 707 1558 0 1388 1511 1463 1656 0 1388 1870 1443 2041 
Norway_009764.jpg,0 572 1097 1012 1633 
Norway_009736.jpg,
Norway_009529.jpg,0 1535 1838 1639 2041 0 1693 1304 1769 1406 0 1708 1749 1806 2024 0 1883 1524 1970 1632 2 4 1477 538 1838 
Norway_009125.jpg,
Norway_009290.jpg,
Norway_008243.jpg,
Norway_009202.jpg,
Norway_008811.jpg,
Norway_008543.jpg,
Norway_009710.jpg,
Norway_009933.jpg,0 1547 1186 1606 1271 0 0 1656 108 1763 
Norway_008804.jpg,0 1494 1540 1644 2023 0 1465 1274 1585 1502 0 921 1726 1063 1998 0 1038 1114 1329 1358 0 1453 1276 1514 1361 
Norway_008720.jpg,
Norway_008899.jpg,
Norway_009030.jpg,
Norway_009651.jpg,0 1353 1177 1411 1278 1 403 1381 1746 1455 
Norway_009249.jpg,0 1609 1387 1727 1562 0 484 1840 661 2041 0 303 1330 1025 1934 
Norway_008429.jpg,
Norway_008231.jpg,0 1505 1204 1566 1307 0 893 1207 1137 1336 0 1691 1442 1927 2041 0 1847 1421 1989 1597 0 2013 1564 2150 1709 
Norway_008167.jpg,
Norway_010019.jpg,0 1446 1351 1873 2023 
Norway_009104.jpg,0 467 1415 1120 2024 0 1270 1161 1425 1263 0 1229 1336 1263 1376 0 1175 1295 1248 1346 0 1555 1239 1614 1316 
Norway_009265.jpg,0 1183 1319 1222 1444 
Norway_009524.jpg,
Norway_008398.jpg,
Norway_010123.jpg,0 1547 1459 1751 1809 
Norway_009602.jpg,
Norway_008594.jpg,0 1203 1498 1401 1853 0 61 1616 326 1774 0 177 1935 288 2037 0 1625 1361 1795 1525 0 1445 1360 1521 1511 
Norway_009718.jpg,
Norway_008996.jpg,
Norway_009406.jpg,
Norway_009777.jpg,
Norway_008236.jpg,0 1062 1306 1238 1447 0 536 1246 1015 1515 0 1470 1174 1552 1350 0 573 1438 706 1548 
Norway_008352.jpg,
Norway_009778.jpg,0 1032 1403 1210 1707 0 808 1756 952 2035 0 101 1874 273 2036 0 98 1683 404 1864 0 782 1345 891 1451 
Norway_008676.jpg,
Norway_010145.jpg,
Norway_008468.jpg,0 1287 1578 1430 2041 0 1718 1620 1838 2024 0 1563 1367 1690 1640 0 1632 1785 1722 2035 0 1718 1887 1761 2037 
Norway_008969.jpg,
Norway_009485.jpg,
Norway_010109.jpg,
Norway_009098.jpg,
Norway_009201.jpg,0 824 1289 1205 1931 0 1066 1091 1145 1207 0 1215 1118 1246 1174 0 1100 1301 1152 1367 0 1167 1183 1273 1350 
Norway_009212.jpg,
Norway_009060.jpg,0 1510 1179 1712 2017 0 2 1486 394 1694 
Norway_009779.jpg,
Norway_008794.jpg,
Norway_008852.jpg,
Norway_008923.jpg,
Norway_009761.jpg,
Norway_008701.jpg,0 1508 1292 2067 2031 
Norway_008859.jpg,0 1767 1464 2112 2039 0 1665 1350 1771 1517 0 1554 1154 1675 1366 0 1477 1036 1560 1155 
Norway_009642.jpg,0 526 1508 1036 2035 0 854 1242 1023 1321 
Norway_009081.jpg,
Norway_009250.jpg,
Norway_009553.jpg,
Norway_009954.jpg,
Norway_009452.jpg,
Norway_010102.jpg,0 1338 1480 1432 1614 
Norway_009941.jpg,0 1881 1631 2087 2041 0 1399 1653 1619 2040 0 3 1488 605 2024 0 1375 1225 1528 1610 0 1651 1319 1970 1638 
Norway_008562.jpg,0 1606 1607 1738 2038 0 1665 1378 1767 1574 0 1508 1482 1611 1642 0 557 1545 891 1863 
Norway_008664.jpg,0 1476 1333 2043 2035 
Norway_009285.jpg,1 0 1627 1933 1737 0 36 1394 503 1611 
Norway_008878.jpg,
Norway_010104.jpg,
Norway_008807.jpg,
Norway_010044.jpg,
Norway_009169.jpg,0 1 1330 769 1773 
Norway_008994.jpg,0 1408 1338 1851 2035 
Norway_010031.jpg,0 388 1349 738 1643 
Norway_008756.jpg,
Norway_009528.jpg,0 1437 1925 1503 2041 0 1416 1444 1646 1955 0 1448 1670 1640 1940 0 1400 1353 1491 1578 0 1389 1320 1570 1789 
Norway_010136.jpg,0 1337 1492 1515 1658 0 1539 1580 1725 1973 0 50 1476 598 1980 1 252 1426 1702 1539 0 245 1497 882 2028 
Norway_009796.jpg,
Norway_008695.jpg,0 1828 1734 2004 2037 0 458 1364 712 1509 
Norway_008245.jpg,
Norway_010158.jpg,0 1680 1756 1767 2041 0 776 1896 934 2035 0 1512 1396 1608 1624 0 1119 1421 1216 1509 0 967 1489 1080 1592 
Norway_009164.jpg,
Norway_009177.jpg,
Norway_009909.jpg,
Norway_008479.jpg,0 1075 1231 1413 1643 0 1540 1297 1758 2044 0 1378 1086 1430 1172 0 738 1228 913 1326 0 360 1318 784 1522 
Norway_009236.jpg,
Norway_009063.jpg,1 785 1597 1555 1647 
Norway_009026.jpg,
Norway_008511.jpg,0 1355 1201 1422 1309 3 3539 1255 3689 1308 
Norway_009459.jpg,0 1682 1531 2068 1997 
Norway_009052.jpg,
Norway_009797.jpg,
Norway_009919.jpg,
Norway_009044.jpg,
Norway_009077.jpg,
Norway_008176.jpg,
Norway_008508.jpg,
Norway_008571.jpg,
Norway_008515.jpg,
Norway_008652.jpg,
Norway_009316.jpg,
Norway_008582.jpg,1 246 1465 1712 1544 
Norway_009066.jpg,
Norway_010029.jpg,
Norway_009500.jpg,
Norway_009990.jpg,
Norway_009501.jpg,0 247 1380 1035 2016 
Norway_009693.jpg,
Norway_008823.jpg,
Norway_008389.jpg,
Norway_008953.jpg,
Norway_010160.jpg,
Norway_009781.jpg,
Norway_009220.jpg,
Norway_009319.jpg,0 1561 1264 1643 1496 
Norway_009001.jpg,0 417 1245 709 1466 
Norway_008954.jpg,
Norway_009453.jpg,
Norway_008648.jpg,0 518 1310 815 1455 0 187 1454 522 1624 0 0 1601 228 1757 0 1419 1097 1471 1192 0 1457 1175 1535 1244 
Norway_008592.jpg,
Norway_009404.jpg,
Norway_008493.jpg,0 1032 1384 1442 2036 0 742 1903 821 2036 0 131 1248 329 1466 
Norway_009332.jpg,
Norway_009607.jpg,0 579 1611 891 1984 0 1558 1732 1709 2039 0 1413 1103 1586 1280 0 1137 1262 1304 1512 0 1535 1247 1629 1421 
Norway_008835.jpg,3 1265 1523 1359 1584 3 1252 1468 1358 1535 
Norway_008323.jpg,
Norway_009438.jpg,0 1496 1792 1552 1946 0 13 1194 806 1518 
Norway_009641.jpg,0 1506 1160 1579 1396 0 246 1204 1103 1581 0 565 1161 1153 1453 0 611 1484 1046 2033 0 1246 1392 1310 1489 
Norway_008427.jpg,0 1477 1332 2066 2027 
Norway_009048.jpg,
Norway_009545.jpg,
Norway_008760.jpg,
Norway_010106.jpg,
Norway_009839.jpg,
Norway_008407.jpg,
Norway_009057.jpg,
Norway_008749.jpg,
Norway_008929.jpg,0 1235 1149 1460 1374 1 1046 1509 1958 1576 0 1763 1401 1849 1521 0 1092 1398 1242 1523 0 601 1607 673 1661 
Norway_009620.jpg,
Norway_008311.jpg,
Norway_009254.jpg,0 620 1941 671 2033 
Norway_008916.jpg,
Norway_010185.jpg,
Norway_009611.jpg,
Norway_008475.jpg,0 1419 1335 2059 2034 
Norway_009762.jpg,
Norway_009203.jpg,
Norway_008163.jpg,0 1577 1716 1736 2021 0 1434 1321 1544 1557 0 1291 1505 1534 2041 0 485 1612 620 1735 0 1366 1628 1734 2021 
Norway_010141.jpg,0 1119 1551 1211 1685 
Norway_008573.jpg,
Norway_009935.jpg,
Norway_009248.jpg,0 0 1586 176 1709 0 0 1370 376 1580 
Norway_008225.jpg,0 0 1397 714 1830 
Norway_009232.jpg,0 1380 1323 1576 1661 0 858 1540 998 1722 0 1751 1755 1841 2041 0 295 1673 743 2039 0 1639 1625 1694 1829 
Norway_010165.jpg,0 981 1667 1111 2028 0 1025 1356 1119 1662 
Norway_009522.jpg,0 1588 1962 1628 2042 0 1383 1698 1480 1773 0 1739 1977 1789 2044 2 1531 1296 1807 1573 0 1437 1105 1494 1145 
Norway_008940.jpg,
Norway_009372.jpg,0 1559 1250 1859 2035 
Norway_008173.jpg,0 1367 1532 1586 2031 0 1351 1291 1995 2025 
Norway_008223.jpg,
Norway_009993.jpg,
Norway_009757.jpg,0 301 1809 578 2038 0 1105 1480 1205 1612 0 641 1512 888 1751 0 1192 1634 1278 1741 1 607 1682 2037 1788 
Norway_008273.jpg,
Norway_008900.jpg,
Norway_008816.jpg,
Norway_008966.jpg,
Norway_009881.jpg,
Norway_009095.jpg,
Norway_008902.jpg,0 1536 1019 1647 1403 
Norway_009429.jpg,
Norway_009596.jpg,0 13 1688 529 2041 0 1830 1275 1910 1592 0 1506 1634 1560 1743 0 1628 1282 1714 1382 0 1746 1151 1846 1280 
Norway_008714.jpg,
Norway_008732.jpg,
Norway_009617.jpg,0 0 1414 519 1710 
Norway_008530.jpg,
Norway_009079.jpg,
Norway_009843.jpg,0 1139 1076 1238 1266 1 325 1519 1595 1660 
Norway_009018.jpg,
Norway_009329.jpg,
Norway_009817.jpg,
Norway_009565.jpg,
Norway_009302.jpg,0 976 1196 1064 1435 0 121 1518 329 1646 2 1589 1479 1874 2035 0 746 1254 809 1319 2 256 1352 620 1562 
Norway_009330.jpg,0 1560 1261 1621 1407 
Norway_008534.jpg,0 1579 1250 1960 2035 0 444 1777 584 1914 1 356 1428 1872 1546 
Norway_009161.jpg,
Norway_009673.jpg,0 1234 1176 1284 1239 
Norway_008495.jpg,
Norway_009286.jpg,
Norway_009072.jpg,
Norway_008476.jpg,
Norway_008216.jpg,
Norway_008565.jpg,0 496 1400 725 1747 
Norway_008660.jpg,
Norway_009585.jpg,0 0 1343 704 1747 0 364 1286 893 1520 0 753 1239 978 1347 
Norway_009535.jpg,0 1786 1376 2327 2021 
Norway_008484.jpg,0 978 1545 1094 1707 0 656 1916 785 2041 0 1431 1432 1539 1690 0 1554 1670 1688 1844 0 101 1324 956 1776 
Norway_009465.jpg,1 1116 1897 1583 2020 0 1326 1324 1381 1451 0 414 1457 1001 2036 0 1636 1915 1704 2039 0 1125 1219 1266 1337 
Norway_010043.jpg,
Norway_010014.jpg,
Norway_009367.jpg,0 1026 1525 1186 1787 
Norway_009752.jpg,0 2148 1753 2441 2032 0 1719 1303 2140 1707 0 1541 1126 1646 1250 
Norway_009144.jpg,0 1656 1370 1864 2024 1 845 1451 1975 1567 
Norway_008278.jpg,
Norway_009971.jpg,0 1464 1251 2076 2031 
Norway_008256.jpg,
Norway_008993.jpg,
Norway_010078.jpg,1 319 1420 1763 1490 0 15 1523 300 1652 
Norway_009255.jpg,
Norway_008821.jpg,0 1485 1358 1971 2035 
Norway_008658.jpg,1 36 1796 1024 1848 
Norway_009257.jpg,0 1851 1973 1905 2041 0 1082 1212 1157 1285 
Norway_009517.jpg,0 1449 1324 2070 2028 
Norway_009114.jpg,1 0 1845 204 1895 
Norway_008346.jpg,0 1375 1393 1580 2041 0 304 1430 828 2041 0 1484 1316 1667 1520 0 1328 1209 1429 1351 0 1650 1483 2181 2032 
Norway_009627.jpg,
Norway_009216.jpg,
Norway_009594.jpg,0 1638 1221 1827 1669 0 1585 1573 1636 1710 
Norway_008618.jpg,0 8 1316 635 1745 0 917 1273 1071 2011 0 3 1318 354 1489 
Norway_009756.jpg,
Norway_008288.jpg,
Norway_009650.jpg,0 1454 1381 1918 2035 
Norway_008679.jpg,0 1 1500 364 1698 0 215 1350 556 1491 0 471 1341 576 1398 0 14 1382 514 1662 
Norway_008650.jpg,0 1592 1277 1775 1946 0 1234 1613 1399 2007 0 1537 1880 1631 2037 0 653 1601 951 1878 0 1293 1317 1408 1489 
Norway_009626.jpg,
Norway_008280.jpg,
Norway_010114.jpg,0 533 1329 617 1403 
Norway_009479.jpg,
Norway_009946.jpg,0 318 1248 972 1769 
Norway_010039.jpg,0 1497 1721 1579 2042 0 727 1282 858 1389 0 1366 1589 1430 1773 0 1445 1376 1557 1560 0 1279 1394 1334 1600 
Norway_009970.jpg,
Norway_009803.jpg,
Norway_010191.jpg,
Norway_010164.jpg,
Norway_008659.jpg,
Norway_008326.jpg,0 1437 1354 1533 1532 0 1335 1310 1397 1400 0 1675 1522 1789 1707 0 1426 1280 1468 1336 0 1445 1221 1510 1288 
Norway_008731.jpg,
Norway_008560.jpg,
Norway_010166.jpg,
Norway_009321.jpg,
Norway_009645.jpg,
Norway_008505.jpg,
Norway_008752.jpg,0 815 1616 1095 2022 
Norway_009071.jpg,
Norway_010066.jpg,
Norway_009531.jpg,0 1178 1179 1260 1252 
Norway_008380.jpg,
Norway_008572.jpg,
Norway_010008.jpg,
Norway_009269.jpg,0 1397 1251 1591 1551 
Norway_009613.jpg,
Norway_008308.jpg,0 1548 1293 1632 1474 0 1399 1477 1450 1600 0 1260 1195 1318 1239 0 1417 1264 1455 1310 0 691 1388 828 1450 
Norway_009707.jpg,
Norway_010040.jpg,0 1786 1623 2271 2029 
Norway_009741.jpg,0 0 1279 806 1743 0 823 1433 1115 1751 0 709 1230 908 1330 0 1246 1047 1279 1087 
Norway_008803.jpg,
Norway_009776.jpg,0 1368 1378 1516 2018 0 437 1379 634 1523 0 0 1600 378 2020 0 1220 1108 1285 1220 0 790 1253 970 1387 
Norway_009022.jpg,
Norway_008815.jpg,
Norway_009373.jpg,0 1505 1423 1580 1862 0 1657 1872 1715 2028 0 867 1172 1133 1303 0 1505 1253 1547 1386 0 1433 1247 1465 1285 
Norway_008414.jpg,1 992 1381 1480 1426 0 0 1521 239 1691 0 1423 1248 1587 1459 
Norway_008596.jpg,
Norway_008233.jpg,
Norway_009847.jpg,
Norway_010025.jpg,
Norway_010084.jpg,
Norway_009461.jpg,
Norway_008313.jpg,0 754 1259 1077 1462 0 1775 1559 2035 2033 0 1104 1183 1455 1548 
Norway_009153.jpg,0 1192 1276 1225 1313 
Norway_009215.jpg,0 0 1348 957 1831 
Norway_009716.jpg,
Norway_009336.jpg,
Norway_009448.jpg,
Norway_008516.jpg,
Norway_009880.jpg,0 19 1333 937 1971 0 1431 1115 1477 1196 
Norway_009576.jpg,0 1431 1199 1654 1389 0 848 1733 1008 2025 
Norway_008315.jpg,0 1679 1231 1940 1564 
Norway_008567.jpg,
Norway_009965.jpg,
Norway_009676.jpg,
Norway_009697.jpg,0 1196 1493 1265 1736 0 1120 1380 1159 1442 
Norway_008209.jpg,0 1382 1203 1418 1240 0 13 1481 415 1715 0 1498 1158 1524 1207 0 1561 1200 1605 1277 
Norway_009181.jpg,0 896 1881 977 2034 0 1762 1401 1888 1663 0 1744 1689 1912 1963 0 1 1728 280 1969 0 39 1438 619 1697 
Norway_009698.jpg,
Norway_008924.jpg,
Norway_009840.jpg,
Norway_008964.jpg,
Norway_009624.jpg,
Norway_009956.jpg,
Norway_008520.jpg,0 1391 1527 1560 1656 1 339 1730 1680 1834 0 1585 1296 1667 1462 3 57 1685 141 1730 0 849 1447 1102 1701 
Norway_009446.jpg,
Norway_010098.jpg,
Norway_008250.jpg,
Norway_009659.jpg,
Norway_009224.jpg,0 1758 1403 2046 1701 0 1619 1264 1718 1420 0 1590 1148 1666 1274 
Norway_009800.jpg,0 1084 1266 1390 2015 0 0 1616 272 1965 0 224 1243 962 1589 1 0 1934 449 1988 
Norway_008775.jpg,0 1751 1356 2098 1542 
Norway_008312.jpg,0 692 1494 869 1644 0 1430 1896 1495 2041 0 938 1897 1009 2041 0 854 1455 1045 1667 0 1433 1491 1599 1656 
Norway_010167.jpg,
Norway_009355.jpg,
Norway_009768.jpg,
Norway_009806.jpg,0 1264 1076 1402 1248 0 873 1068 980 1136 
Norway_009176.jpg,
Norway_008344.jpg,0 1514 1653 1647 2041 0 1333 1164 1373 1227 0 1467 1244 1539 1364 
Norway_009901.jpg,
Norway_008632.jpg,0 1951 1718 2195 2032 0 911 1845 989 2038 0 1639 1299 1740 1434 0 420 1876 560 2036 0 1008 1739 1091 1902 
Norway_008357.jpg,1 6 1820 1162 1925 
Norway_009365.jpg,
Norway_008967.jpg,
Norway_009996.jpg,
Norway_009958.jpg,0 470 1944 589 2041 0 859 1417 976 1491 0 1492 1202 1553 1318 0 1651 1729 1703 1829 1 373 1799 2255 1919 
Norway_009204.jpg,0 1645 1397 1837 1729 
Norway_008523.jpg,0 1693 1275 2017 2023 
Norway_009715.jpg,
Norway_009388.jpg,
Norway_008789.jpg,0 1400 1259 1579 1487 0 782 1593 889 1790 0 621 1448 822 1661 0 1161 1807 1227 2041 0 7 1653 206 1884 
Norway_009085.jpg,
Norway_009481.jpg,0 1440 1211 1563 1439 
Norway_009685.jpg,0 342 1239 590 1368 3 1399 1556 1497 1608 
Norway_009782.jpg,
Norway_009463.jpg,
Norway_009706.jpg,
Norway_009936.jpg,0 1368 1296 1979 2035 
Norway_010042.jpg,
Norway_009883.jpg,0 1581 1565 1734 2032 0 1518 1195 1643 1586 0 924 1215 1137 1552 0 1104 1100 1397 1235 0 1444 1140 1518 1212 
Norway_008978.jpg,
Norway_009599.jpg,
Norway_008566.jpg,
Norway_009684.jpg,0 937 1321 1173 1532 1 1814 1868 2150 1957 1 855 1910 2218 1979 
Norway_008699.jpg,1 722 1306 1638 1348 
Norway_009669.jpg,0 1282 1120 1345 1231 
Norway_009589.jpg,0 1559 1269 1631 1460 
Norway_009210.jpg,
Norway_009885.jpg,
Norway_008208.jpg,
Norway_008774.jpg,
Norway_009995.jpg,
Norway_008809.jpg,0 1738 1276 2063 1563 0 2049 1509 2751 2037 
Norway_008975.jpg,
Norway_009423.jpg,0 214 1566 790 2026 0 1444 1254 1483 1319 0 1212 1148 1258 1203 
Norway_008249.jpg,0 1464 1545 1624 2040 0 1503 1350 1773 1575 0 823 1408 1224 2027 0 889 1349 1101 1583 0 1327 1245 1433 1343 
Norway_009926.jpg,
Norway_009476.jpg,
Norway_008164.jpg,0 1312 1380 1370 1477 0 1549 1394 2240 2025 
Norway_009532.jpg,
Norway_008742.jpg,
Norway_009189.jpg,0 99 1504 823 2031 
Norway_009830.jpg,
Norway_009658.jpg,
Norway_008770.jpg,0 1389 1362 1434 1462 
Norway_009348.jpg,
Norway_009326.jpg,
Norway_009819.jpg,
Norway_009433.jpg,0 1512 1318 1592 1497 
Norway_008986.jpg,
Norway_009417.jpg,0 216 1847 397 2018 0 729 1551 823 1649 
Norway_008817.jpg,0 799 1267 985 1348 0 1062 1265 1263 1412 0 1577 1159 1601 1190 
Norway_008895.jpg,
Norway_008574.jpg,
Norway_009006.jpg,
Norway_009505.jpg,
Norway_009588.jpg,
Norway_008539.jpg,
Norway_009558.jpg,
Norway_009442.jpg,0 1135 1715 1245 2030 0 258 1593 744 2025 0 1828 1752 1938 1919 1 898 1416 2145 1490 
Norway_009246.jpg,0 1428 1353 1536 2024 0 1653 1880 1739 2041 0 1433 1054 1465 1109 0 1142 1067 1393 1226 
Norway_008290.jpg,
Norway_009299.jpg,
Norway_008778.jpg,
Norway_008426.jpg,
Norway_008349.jpg,
Norway_009293.jpg,
Norway_009572.jpg,0 1187 1377 1287 1551 0 1234 1094 1297 1187 
Norway_009338.jpg,
Norway_009703.jpg,
Norway_009221.jpg,
Norway_010181.jpg,
Norway_009312.jpg,
Norway_009142.jpg,0 1199 1202 1286 1305 0 730 1033 769 1094 
Norway_008327.jpg,
Norway_008174.jpg,1 438 1401 1456 1537 
Norway_008733.jpg,0 1538 1317 1713 1475 0 222 1573 878 2026 0 598 1286 911 1443 0 1069 1168 1176 1222 0 913 1204 1043 1268 
Norway_010112.jpg,0 2561 1932 2672 2036 0 415 1195 1005 1495 0 1998 1441 2634 1921 
Norway_009304.jpg,
Norway_009313.jpg,0 1279 1260 1360 1459 0 1288 1525 1353 1696 
Norway_008919.jpg,
Norway_009784.jpg,
Norway_009664.jpg,
Norway_010096.jpg,
Norway_008708.jpg,
Norway_008161.jpg,0 1564 1444 1711 2030 0 1523 1259 1627 1455 0 1552 1163 1594 1240 
Norway_010157.jpg,0 1543 1183 1603 1318 0 1137 1156 1243 1224 0 334 1435 608 1572 0 7 1473 529 1745 
Norway_009597.jpg,0 1371 1109 1400 1140 
Norway_009002.jpg,
Norway_009445.jpg,
Norway_009537.jpg,
Norway_008417.jpg,
Norway_009959.jpg,
Norway_008665.jpg,0 1601 1336 1690 1490 0 1608 1481 1733 1760 0 2031 1863 2236 2034 
Norway_009791.jpg,
Norway_009772.jpg,0 6 1476 647 1794 0 1699 1583 1800 1801 
Norway_008615.jpg,
Norway_008533.jpg,0 411 1263 1344 2005 
Norway_008656.jpg,
Norway_008948.jpg,0 1120 1115 1205 1221 
Norway_009086.jpg,
Norway_008974.jpg,0 1538 1587 1714 2034 0 2007 1673 2314 2036 1 1163 1440 1502 1595 0 803 1691 922 2039 0 466 1483 953 2030 
Norway_009093.jpg,
Norway_010100.jpg,
Norway_008620.jpg,
Norway_008465.jpg,0 471 1316 1072 2030 0 1335 1248 1416 1538 0 1016 1155 1069 1249 2 1831 1469 2433 2038 
Norway_008220.jpg,
Norway_008939.jpg,
Norway_009412.jpg,0 1513 1272 1623 1506 0 1380 1115 1430 1234 
Norway_009822.jpg,
Norway_009603.jpg,
Norway_009811.jpg,
Norway_008763.jpg,
Norway_010180.jpg,
Norway_009604.jpg,0 1619 1138 1704 1335 1 441 1383 1642 1502 
Norway_009273.jpg,
Norway_009308.jpg,
Norway_008847.jpg,
Norway_009278.jpg,
Norway_008876.jpg,
Norway_008419.jpg,
Norway_009402.jpg,
Norway_008458.jpg,
Norway_010192.jpg,0 1580 1346 1682 1513 0 1277 1125 1362 1197 0 1558 1178 1619 1263 0 1466 1091 1511 1145 1 0 1488 1925 1590 
Norway_008525.jpg,
Norway_008599.jpg,
Norway_009340.jpg,0 535 1745 812 2042 0 794 1348 1252 1774 0 831 1794 907 1928 0 734 1912 803 2040 0 1606 1149 1653 1204 
Norway_009421.jpg,
Norway_008758.jpg,
Norway_008806.jpg,
Norway_009129.jpg,
Norway_008922.jpg,
Norway_009519.jpg,
Norway_008888.jpg,3 2392 1580 2515 1627 
Norway_009974.jpg,2 1394 1263 1622 1560 
Norway_010101.jpg,
Norway_009213.jpg,
Norway_008437.jpg,
Norway_009108.jpg,
Norway_009550.jpg,0 1203 1191 1245 1232 
Norway_008933.jpg,1 776 1424 1914 1476 
Norway_009464.jpg,
Norway_009103.jpg,0 1418 1242 1547 1344 0 1325 1513 1369 1642 
Norway_010027.jpg,
Norway_009474.jpg,0 1765 1882 1846 2039 0 1686 1451 1769 1629 
Norway_008741.jpg,
Norway_008886.jpg,
Norway_010121.jpg,0 525 1230 1080 1551 0 1305 1187 1379 1281 
Norway_008606.jpg,
Norway_008411.jpg,0 37 1340 872 1924 
Norway_009322.jpg,
Norway_008873.jpg,
Norway_008820.jpg,0 277 1377 710 1597 
Norway_009162.jpg,
Norway_008780.jpg,
Norway_009289.jpg,
Norway_008736.jpg,0 1343 1219 1454 1274 2 1619 1423 2044 1992 
Norway_009141.jpg,0 1583 1412 2167 2029 
Norway_008946.jpg,
Norway_009683.jpg,
Norway_008203.jpg,
Norway_008748.jpg,
Norway_008162.jpg,
Norway_009427.jpg,
Norway_008561.jpg,0 768 1192 890 1277 
Norway_008526.jpg,
Norway_010060.jpg,1 0 1653 1851 1767 
Norway_009178.jpg,
Norway_010184.jpg,
Norway_010023.jpg,
Norway_008661.jpg,
Norway_009174.jpg,
Norway_008265.jpg,
Norway_009187.jpg,0 1427 1610 1546 2040 
Norway_008451.jpg,
Norway_008626.jpg,
Norway_010147.jpg,0 581 1276 835 1413 0 1524 1433 1600 1559 
Norway_010076.jpg,
Norway_010079.jpg,
Norway_008624.jpg,
Norway_009383.jpg,0 1394 1380 1545 2027 0 1477 1232 1554 1382 0 1193 1235 1222 1268 0 1414 1190 1444 1258 0 1391 1065 1452 1165 
Norway_009012.jpg,
Norway_009567.jpg,0 1290 1104 1501 1221 
Norway_009632.jpg,
Norway_008995.jpg,
Norway_009583.jpg,
Norway_009039.jpg,
Norway_009490.jpg,
Norway_009967.jpg,
Norway_008684.jpg,
Norway_008920.jpg,0 1577 1513 1650 1651 0 295 1912 414 2039 0 1630 1372 1751 1551 0 1063 1598 1443 2032 0 0 1730 237 1935 
Norway_009337.jpg,
Norway_009381.jpg,
Norway_008439.jpg,
Norway_010132.jpg,
Norway_008402.jpg,0 339 1653 748 2037 0 667 1346 769 1424 
Norway_008793.jpg,
Norway_008945.jpg,
Norway_008877.jpg,
Norway_008329.jpg,0 1429 1316 1706 2031 0 353 1331 678 1481 
Norway_009972.jpg,
Norway_008305.jpg,
Norway_009493.jpg,
Norway_009873.jpg,0 1630 1648 1782 2041 0 437 1656 816 2030 0 819 1293 1141 1595 0 1247 1156 1286 1219 0 1553 1378 1597 1465 
Norway_009112.jpg,
Norway_008706.jpg,
Norway_009726.jpg,
Norway_009074.jpg,
Norway_009462.jpg,
Norway_008449.jpg,0 1465 1092 1523 1243 0 1512 1447 1597 1620 0 1505 1413 1899 2029 
Norway_008862.jpg,
Norway_008400.jpg,
Norway_009051.jpg,0 1351 1262 1920 2026 
Norway_009952.jpg,
Norway_008622.jpg,
Norway_009003.jpg,
Norway_008473.jpg,
Norway_008492.jpg,
Norway_008790.jpg,
Norway_008321.jpg,0 1243 1209 1365 1376 
Norway_010134.jpg,0 1501 1388 1982 2024 
Norway_009180.jpg,0 9 1682 276 1831 1 854 1792 2178 1968 
Norway_009109.jpg,
Norway_008825.jpg,
Norway_009473.jpg,0 2122 1652 2498 2027 0 1982 1567 2066 1664 0 22 1231 935 1726 
Norway_009054.jpg,
Norway_008202.jpg,0 82 1555 878 2041 1 53 1902 1029 1993 
Norway_008322.jpg,
Norway_008927.jpg,0 1504 1172 1545 1253 
Norway_009228.jpg,
Norway_009747.jpg,0 1005 1199 1170 1283 0 1916 1624 2139 1868 0 1535 1250 1564 1286 0 66 1279 948 1663 0 1147 1259 1254 1329 
Norway_009379.jpg,3 2596 1421 2800 1470 3 2099 1252 2199 1291 3 2454 1385 2667 1445 
Norway_009844.jpg,
Norway_009295.jpg,
Norway_008548.jpg,0 1401 1406 1740 2030 0 363 1406 882 1781 0 1453 1336 1521 1410 0 524 1303 764 1420 0 805 1438 1205 2034 
Norway_008625.jpg,0 1485 1352 1573 1701 0 2129 1651 2222 1791 0 485 1351 719 1479 0 1608 1259 1712 1392 2 1622 1446 2104 2044 
Norway_008478.jpg,
Norway_008361.jpg,0 0 1596 372 1793 0 1009 1389 1135 1491 0 679 1560 939 1833 0 1594 1354 1740 1557 0 1396 1215 1436 1251 
Norway_008867.jpg,
Norway_009251.jpg,
Norway_009712.jpg,0 1507 1457 1754 1860 0 1503 1432 1930 2023 0 1371 1151 1445 1228 
Norway_009488.jpg,
Norway_008554.jpg,0 453 1345 763 1490 
Norway_008396.jpg,
Norway_008463.jpg,0 434 1862 523 1986 
Norway_008406.jpg,
Norway_010050.jpg,
Norway_009237.jpg,0 304 1312 1215 1999 
Norway_010003.jpg,0 1908 1517 2109 1725 0 0 1241 807 1660 
Norway_009964.jpg,
Norway_008944.jpg,0 1363 1549 1546 2018 0 1374 1424 1442 1547 
Norway_008860.jpg,0 652 1681 965 2026 0 1656 1498 1743 1689 
Norway_009631.jpg,
Norway_009020.jpg,
Norway_009818.jpg,0 1606 1406 2109 2026 
Norway_009384.jpg,
Norway_009994.jpg,0 1134 1514 1509 2030 2 1340 1432 1905 1793 0 1084 1440 1155 1546 0 1341 1286 1424 1377 0 17 1321 899 1804 
Norway_008992.jpg,
Norway_008973.jpg,0 1365 1487 1411 1622 0 1021 1141 1113 1204 0 970 1221 1176 1425 0 0 1502 350 1724 0 1809 1608 2052 1988 
Norway_008764.jpg,
Norway_008415.jpg,
Norway_010059.jpg,0 1515 1526 1652 2012 0 1471 1177 1538 1295 0 1260 1195 1336 1285 
Norway_008829.jpg,0 1352 1265 1525 1528 
Norway_009362.jpg,
Norway_008342.jpg,0 519 1966 613 2040 0 2014 1511 2518 2022 
Norway_009606.jpg,
Norway_008947.jpg,2 823 1656 1065 1771 2 1517 1323 1859 2035 0 1489 1122 1631 1333 0 1494 1563 1576 1704 
Norway_009734.jpg,
Norway_010036.jpg,
Norway_008219.jpg,
Norway_008767.jpg,
Norway_009267.jpg,0 422 1718 824 2038 0 1075 1322 1410 1489 0 751 1454 1050 1711 0 1279 1403 1744 2028 1 0 1759 369 1969 
Norway_009729.jpg,
Norway_008464.jpg,0 607 1333 985 1617 1 1735 1864 2249 2006 0 1389 1513 1464 1673 0 1518 1619 1683 2042 0 1033 1264 1120 1341 
Norway_009376.jpg,0 1238 1129 1419 1246 2 1801 1580 2145 2037 0 1064 1454 1283 2013 0 1196 1363 1271 1424 
Norway_009634.jpg,
Norway_008295.jpg,
Norway_009745.jpg,0 1280 1370 1394 1619 
Norway_009498.jpg,
Norway_008655.jpg,
Norway_009687.jpg,
Norway_009277.jpg,
Norway_008707.jpg,0 700 1520 1065 1800 0 1151 1420 1325 1725 0 1737 1402 1925 1827 0 999 1774 1135 2043 0 1644 1676 1696 1842 
Norway_008826.jpg,0 2564 1200 2868 1323 
Norway_009805.jpg,0 625 1789 811 2018 0 2 1242 674 1509 0 844 1564 1053 1848 
Norway_009258.jpg,
Norway_009318.jpg,0 876 1055 994 1104 0 169 1271 518 1434 
Norway_009816.jpg,
Norway_008801.jpg,0 1096 1453 1389 1956 1 1255 1401 1445 1464 
Norway_009089.jpg,0 1093 1317 1187 1415 0 1610 1369 1763 1705 0 1042 1146 1183 1206 
Norway_009989.jpg,
Norway_009451.jpg,
Norway_009131.jpg,
Norway_009159.jpg,0 1660 1511 2271 2035 
Norway_008325.jpg,
Norway_010128.jpg,0 1291 1771 1384 2044 0 1712 1762 1896 2044 0 1655 1964 1713 2042 0 1317 1242 1348 1300 0 502 1457 883 1746 
Norway_009999.jpg,
Norway_008649.jpg,
Norway_009831.jpg,0 1473 1180 1525 1269 0 323 1875 481 2039 
Norway_008501.jpg,
Norway_009171.jpg,
Norway_009938.jpg,
Norway_009795.jpg,0 1308 1121 1364 1176 0 1367 1359 1423 1453 0 944 1347 1004 1398 
Norway_010103.jpg,2 1557 1407 2173 2033 2 0 1498 425 1773 2 903 1188 1059 1306 0 558 1281 898 1463 0 14 1490 447 1768 
Norway_009466.jpg,
Norway_010144.jpg,2 1450 1176 1617 1527 2 15 1435 582 1768 0 1451 1171 1631 1622 
Norway_009256.jpg,0 1548 1389 2118 2031 
Norway_010062.jpg,0 792 1704 878 1849 0 1520 1126 1611 1227 0 1727 1555 1800 1897 0 1626 1260 1713 1405 0 587 1920 754 2042 
Norway_009294.jpg,
Norway_008838.jpg,
Norway_010193.jpg,
Norway_009317.jpg,
Norway_009375.jpg,
Norway_009551.jpg,0 499 1207 881 1426 
Norway_008907.jpg,
Norway_009581.jpg,
Norway_009878.jpg,1 1363 1520 1542 1608 0 1230 1885 1286 2039 1 1250 1837 1410 1880 0 1362 1522 1534 1604 
Norway_008345.jpg,0 3345 1730 3641 1891 
Norway_008522.jpg,
Norway_009113.jpg,
Norway_009276.jpg,
Norway_009858.jpg,
Norway_008597.jpg,0 1707 1624 1781 1791 0 1550 1741 1663 2040 0 1803 1561 1927 1671 0 534 1277 823 1454 0 6 1502 374 1792 
Norway_010041.jpg,
Norway_009166.jpg,
Norway_008962.jpg,0 362 1374 1175 1971 
Norway_008544.jpg,
Norway_008542.jpg,0 844 1832 948 2041 0 1116 1210 1523 1657 0 1115 1427 1266 1662 0 0 1440 372 1715 0 1286 1222 1522 1463 
Norway_010056.jpg,
Norway_009679.jpg,
Norway_009399.jpg,3 792 1491 850 1520 
Norway_009530.jpg,0 1459 1162 1524 1384 0 1502 1701 1623 1952 0 765 1202 1032 1324 0 307 1396 625 1537 0 1595 1936 1673 2040 
Norway_009358.jpg,0 929 1925 1052 2041 0 1892 1795 2040 2035 2 1220 1268 1512 1916 0 341 1435 673 1623 0 1563 1810 1651 2040 
Norway_008619.jpg,
Norway_009773.jpg,
Norway_009696.jpg,
Norway_008880.jpg,0 190 1282 540 1460 
Norway_010176.jpg,0 28 1677 335 2034 0 365 1511 852 1939 0 1390 1206 1617 2031 0 1200 1871 1374 1992 
Norway_008662.jpg,
Norway_009469.jpg,0 1500 1220 1583 1493 
Norway_009515.jpg,0 798 1226 1006 1339 0 511 1322 818 1501 0 591 1394 818 1565 0 144 1485 491 1686 0 1278 1727 1499 2036 
Norway_008189.jpg,0 1506 1210 1573 1307 0 3155 1792 3393 1924 
Norway_009133.jpg,
Norway_009045.jpg,0 1579 1387 1716 1782 0 412 1543 650 1735 1 746 1700 1939 1807 
Norway_009947.jpg,
Norway_008293.jpg,2 1261 1323 1646 1923 0 565 1949 656 2043 0 19 1440 468 1648 0 462 1337 767 1474 0 1332 1937 1391 2041 
Norway_008332.jpg,1 1048 1223 1931 1287 
Norway_008999.jpg,
Norway_008636.jpg,0 240 1524 724 1859 2 1136 1407 1873 2030 0 225 1840 417 1921 0 1653 1963 1699 2040 
Norway_008247.jpg,0 1712 1353 1816 1487 0 1345 1364 1470 1511 1 112 1589 1838 1713 1 1374 1505 1528 1578 0 577 1576 668 1638 
Norway_009849.jpg,1 2616 1895 2817 2040 0 2632 1915 2808 2043 
Norway_009016.jpg,3 133 1442 196 1473 
Norway_009549.jpg,0 481 1555 668 1692 3 789 1295 897 1331 0 293 1593 438 1678 
Norway_009868.jpg,
Norway_008694.jpg,
Norway_009686.jpg,
Norway_009403.jpg,
Norway_008868.jpg,
Norway_009374.jpg,0 1546 1421 1764 2034 0 1444 1115 1601 1444 
Norway_010058.jpg,0 1555 1251 1773 1594 
Norway_009241.jpg,0 1430 1349 1987 2031 
Norway_008721.jpg,0 1150 1127 1220 1186 
Norway_008910.jpg,
Norway_009561.jpg,0 1036 1400 1211 1732 0 1767 1713 1874 2044 0 1619 1416 1727 1692 0 1305 1296 1505 1513 0 1197 1324 1237 1416 
Norway_010168.jpg,0 756 1582 902 1734 
Norway_009663.jpg,
Norway_008385.jpg,
Norway_008462.jpg,0 1333 1261 1476 2027 
Norway_010048.jpg,
Norway_009702.jpg,
Norway_009896.jpg,
Norway_008855.jpg,0 1192 1360 1300 1586 1 458 1674 2096 1774 
Norway_010156.jpg,
Norway_008980.jpg,
Norway_008320.jpg,
Norway_009821.jpg,0 1311 1199 1394 1315 0 1584 1228 1635 1387 0 2018 1722 2152 1858 
Norway_009004.jpg,0 1019 1701 1133 2030 0 1661 1566 1923 2039 0 1563 1789 1650 2032 0 1447 1645 1511 1804 0 1464 1190 1641 1671 
Norway_009252.jpg,0 773 1131 1133 1321 1 623 1406 1791 1461 
Norway_008529.jpg,
Norway_009717.jpg,
Norway_008420.jpg,0 1179 1278 1315 1590 0 1537 1724 1717 2032 0 232 1133 672 1353 1 812 1517 998 1548 0 1187 1202 1220 1253 
Norway_008589.jpg,0 1867 1555 2320 2022 
Norway_009360.jpg,
Norway_008576.jpg,0 1519 1619 1723 1799 3 2170 1416 2349 1472 0 1442 1889 1494 2033 0 934 1084 965 1131 
Norway_009897.jpg,0 87 1273 877 1704 
Norway_008500.jpg,
Norway_008772.jpg,
Norway_009432.jpg,
Norway_008719.jpg,
Norway_009068.jpg,
Norway_009875.jpg,
Norway_010077.jpg,
Norway_008917.jpg,
Norway_008864.jpg,
Norway_008386.jpg,
Norway_009067.jpg,
Norway_009904.jpg,
Norway_008569.jpg,
Norway_008830.jpg,
Norway_009333.jpg,
Norway_008955.jpg,
Norway_008557.jpg,
Norway_008590.jpg,0 1304 1420 1412 1804 0 1256 1789 1325 2033 0 1303 1150 1332 1218 
Norway_008257.jpg,
Norway_009509.jpg,0 1499 1622 1625 2022 0 1545 1289 1614 1470 0 1466 1436 1520 1569 0 1588 1568 1626 1628 
Norway_010083.jpg,
Norway_009034.jpg,
Norway_009352.jpg,
Norway_008796.jpg,
Norway_008489.jpg,0 656 1272 1159 2028 
Norway_008682.jpg,
Norway_009279.jpg,0 1010 1484 1131 1633 0 46 1328 840 1791 
Norway_010199.jpg,
Norway_009207.jpg,0 939 1549 1174 2031 0 1190 1346 1313 1519 
Norway_009975.jpg,
Norway_008949.jpg,0 941 1175 1023 1308 0 350 1594 815 2037 0 784 1331 1059 1605 0 1075 1150 1198 1297 
Norway_009292.jpg,2 1399 1375 2098 2044 0 472 1409 633 1507 
Norway_008977.jpg,
Norway_009867.jpg,
Norway_009231.jpg,0 2417 0 2616 142 
Norway_008507.jpg,
Norway_008165.jpg,
Norway_008358.jpg,0 1234 1286 1524 1974 0 1238 1229 1301 1307 0 1468 1430 1564 1563 
Norway_008849.jpg,
Norway_008410.jpg,
Norway_009957.jpg,
Norway_008723.jpg,
Norway_009714.jpg,
Norway_010142.jpg,
Norway_008193.jpg,0 1990 1562 2325 1975 
Norway_009997.jpg,
Norway_009527.jpg,
Norway_010152.jpg,
Norway_010129.jpg,
Norway_009347.jpg,
Norway_008874.jpg,
Norway_009298.jpg,
Norway_010067.jpg,
Norway_009646.jpg,
Norway_008712.jpg,
Norway_009262.jpg,1 604 1423 1173 1500 
Norway_009175.jpg,0 584 1591 768 1821 0 1631 1413 1701 1579 0 2045 1773 2203 2012 0 1898 1546 1990 1672 0 812 1473 1000 1597 
Norway_009331.jpg,0 139 1494 469 1679 
Norway_009341.jpg,
Norway_008509.jpg,
Norway_009575.jpg,0 531 1227 909 1414 0 1776 1489 2204 1924 
Norway_008887.jpg,0 526 1807 688 2031 1 735 1911 1917 2014 0 797 1523 992 1729 
Norway_008269.jpg,
Norway_008595.jpg,
Norway_009444.jpg,
Norway_010061.jpg,3 772 1873 867 1950 3 561 1838 733 2035 0 761 1624 907 1787 0 562 1847 723 2038 
Norway_008432.jpg,
Norway_009172.jpg,0 1409 1786 1516 2032 
Norway_009146.jpg,0 1463 1398 1590 2037 
Norway_008564.jpg,0 1983 1866 2104 2037 0 2175 1930 2280 2037 0 1660 1191 1695 1271 
Norway_008467.jpg,
Norway_009061.jpg,
Norway_009939.jpg,
Norway_009307.jpg,
Norway_010080.jpg,
Norway_008258.jpg,
Norway_009409.jpg,
Norway_009570.jpg,1 236 1412 1568 1525 
Norway_008588.jpg,1 1124 1230 1556 1286 
Norway_009244.jpg,
Norway_008639.jpg,
Norway_009536.jpg,
Norway_009101.jpg,
Norway_009799.jpg,
Norway_008376.jpg,0 1779 1548 2133 2036 
Norway_008687.jpg,0 1580 1477 1996 2034 
Norway_009851.jpg,0 1726 1676 1864 2014 0 1627 1365 1690 1570 0 1557 1163 1617 1292 0 1730 1548 1795 1682 1 726 1362 1875 1427 
Norway_009163.jpg,
Norway_008603.jpg,0 1474 1388 1563 1625 
Norway_009390.jpg,3 2970 1655 3047 1691 0 38 1548 190 1639 0 40 1300 638 1555 
Norway_009643.jpg,3 3782 1606 3895 1650 
Norway_009654.jpg,
Norway_009963.jpg,2 89 1262 989 1783 0 1589 1526 1669 1649 0 1477 1746 1665 2029 0 1442 1750 1487 1826 2 1645 1390 1952 2023 
Norway_009021.jpg,0 645 1473 1007 1847 2 1495 1296 1848 2036 0 1059 1299 1171 1411 1 1855 1905 2267 2037 0 1100 1147 1156 1183 
Norway_008937.jpg,
Norway_009378.jpg,0 5 1308 601 1625 
Norway_009769.jpg,0 1011 1300 1149 1449 0 1669 1384 2080 2030 
Norway_008262.jpg,
Norway_008282.jpg,3 1227 1922 1353 1992 
Norway_008210.jpg,
Norway_010055.jpg,0 1440 1125 1537 1294 
Norway_008773.jpg,
Norway_009154.jpg,
Norway_009616.jpg,
Norway_008709.jpg,
Norway_009709.jpg,
Norway_009209.jpg,
Norway_008401.jpg,
Norway_008472.jpg,0 1231 1459 1408 2041 0 214 1673 521 1946 0 820 1878 964 2030 0 1491 1415 1606 1635 0 1578 1640 1686 2041 
Norway_009893.jpg,
Norway_010188.jpg,
Norway_009578.jpg,
Norway_009015.jpg,
Norway_009842.jpg,0 1573 1791 1756 1969 0 1671 1436 1763 1655 0 1544 1323 1643 1449 0 0 1314 870 1738 0 651 1298 857 1409 
Norway_008369.jpg,
Norway_008808.jpg,2 1475 1302 1894 2026 0 1285 1261 1391 1351 2 1609 1110 1739 1294 0 1294 1130 1487 1260 0 1963 1833 2131 2008 
Norway_008350.jpg,0 865 1198 1052 1281 1 530 1382 1709 1459 
Norway_009351.jpg,
Norway_008378.jpg,
Norway_010097.jpg,
Norway_008480.jpg,
Norway_008254.jpg,
Norway_009087.jpg,
Norway_008494.jpg,
Norway_009511.jpg,0 979 1296 1253 1494 1 976 1442 1682 1515 
Norway_008546.jpg,2 1532 1140 1670 1332 0 1673 1394 1720 1446 0 1541 1143 1672 1339 
Norway_009053.jpg,
Norway_009102.jpg,
Norway_008744.jpg,
Norway_009008.jpg,
Norway_009139.jpg,
Norway_008681.jpg,0 1408 1253 2089 2017 
Norway_009981.jpg,0 1375 1290 1993 2027 
Norway_009665.jpg,
Norway_008387.jpg,0 1430 1798 1577 2040 0 1596 1515 1691 1799 0 1522 1137 1638 1409 0 1639 1284 1752 1537 0 1441 1242 1478 1321 
Norway_010120.jpg,
Norway_008287.jpg,
Norway_008461.jpg,
Norway_009827.jpg,
Norway_009152.jpg,0 1708 1669 1885 2041 0 1615 1278 1825 1679 0 1549 1323 1610 1437 0 2006 1884 2049 1943 
Norway_009794.jpg,
Norway_010001.jpg,
Norway_008965.jpg,
Norway_008527.jpg,
Norway_008212.jpg,0 1659 1453 1799 1573 0 956 1229 1205 1453 0 280 1636 742 2038 0 282 1794 573 2041 
Norway_008408.jpg,
Norway_008391.jpg,
Norway_010069.jpg,
Norway_010002.jpg,
Norway_009199.jpg,0 459 1575 874 2029 0 1824 1710 1903 1852 2 1562 1226 1719 1439 2 1550 1238 1824 1762 0 1 1913 72 1994 
Norway_009097.jpg,
Norway_008177.jpg,
Norway_008997.jpg,
Norway_008991.jpg,
Norway_009186.jpg,0 0 1498 500 1706 0 1532 1137 1565 1184 0 1310 1138 1379 1222 
Norway_008502.jpg,0 1963 1260 2282 1408 0 1661 1258 1820 1450 0 0 1520 207 1657 0 2124 1325 2282 1414 
Norway_009871.jpg,
Norway_008418.jpg,
Norway_010005.jpg,
Norway_009953.jpg,0 10 1344 664 1694 0 436 1659 785 2033 1 26 1574 1940 1698 0 640 1163 974 1335 
Norway_009264.jpg,0 0 1433 473 1889 0 1422 1269 1484 1381 
Norway_009000.jpg,0 845 1561 922 1636 0 1565 1354 1651 1532 0 352 1391 563 1470 0 1395 1562 1510 1930 0 830 1386 1035 1539 
Norway_008580.jpg,0 514 1255 858 1430 0 1380 1548 1426 1695 0 1321 1691 1375 1792 0 1277 1214 1324 1287 0 1473 1207 1528 1284 
Norway_009801.jpg,0 1606 1774 1731 2035 0 1419 1173 1533 1458 1 541 1602 1824 1755 0 1491 1359 1634 1753 0 1496 1898 1572 2035 
Norway_008674.jpg,
Norway_008822.jpg,0 1405 1749 1482 1872 0 1198 1158 1306 1381 1 504 1419 1690 1481 0 1350 1627 1394 1707 
Norway_009640.jpg,0 304 1875 423 2022 
Norway_008640.jpg,0 0 1426 542 1721 0 1772 1324 1852 1400 
Norway_009890.jpg,0 1557 1068 1654 1132 0 1382 1401 1487 2037 0 1619 1287 1705 1526 0 1009 1346 1183 1487 0 1765 1610 1864 2033 
Norway_008762.jpg,
Norway_008983.jpg,0 1214 1198 1469 1471 0 1370 1890 1582 2030 
Norway_008317.jpg,0 1663 1746 1784 2029 
Norway_008836.jpg,
Norway_009678.jpg,1 505 1910 2185 2044 0 1782 1812 1809 1877 
Norway_009754.jpg,0 1372 1317 1833 2029 
Norway_008184.jpg,
Norway_008235.jpg,
Norway_008266.jpg,
Norway_008483.jpg,
Norway_009143.jpg,
Norway_009621.jpg,
Norway_009899.jpg,
Norway_009037.jpg,
Norway_008244.jpg,0 824 1465 967 1608 0 135 1670 529 2019 0 619 1387 713 1446 1 181 1574 1004 1641 1 1166 1436 1384 1465 
Norway_009690.jpg,
Norway_009743.jpg,
Norway_009435.jpg,0 0 1597 386 1878 0 584 1184 995 1400 0 521 1971 566 2041 
Norway_008958.jpg,0 622 1416 957 1689 0 1496 1359 1541 1464 0 685 1573 1002 1960 0 741 1490 1038 1840 0 688 1732 909 1973 
Norway_009182.jpg,
Norway_010075.jpg,
Norway_009496.jpg,
Norway_008932.jpg,
Norway_009591.jpg,
Norway_009612.jpg,
Norway_008746.jpg,0 1485 1615 1652 1905 
Norway_008726.jpg,
Norway_009595.jpg,
Norway_008268.jpg,1 81 1767 1191 1908 
Norway_008621.jpg,
Norway_008436.jpg,0 1362 1204 1543 1400 
Norway_010037.jpg,0 972 1254 1167 1412 0 1424 1703 1480 1811 0 1432 1931 1483 2039 
Norway_009854.jpg,0 1364 1264 2013 2024 
Norway_009542.jpg,0 1556 1243 1980 2039 
Norway_008671.jpg,
Norway_008616.jpg,
Norway_008579.jpg,
Norway_009884.jpg,0 199 1202 1000 1578 
Norway_009804.jpg,
Norway_008728.jpg,0 417 1374 673 1505 1 78 1682 522 1727 1 807 1642 1362 1689 
Norway_009287.jpg,1 1061 1846 1283 1891 1 494 1519 833 1559 0 825 1440 937 1539 1 1120 1350 1620 1387 0 1006 1284 1085 1370 
Norway_009013.jpg,
Norway_009923.jpg,
Norway_008343.jpg,
Norway_009962.jpg,0 11 1496 554 1755 
Norway_008972.jpg,0 1588 1430 2245 2035 
Norway_008614.jpg,0 1432 1353 1946 2023 
Norway_008487.jpg,0 1429 1797 1509 2044 0 1443 1552 1633 1756 0 1506 1321 1554 1424 0 1602 1431 1633 1508 0 1242 1127 1269 1172 
Norway_009270.jpg,0 1389 1179 1720 1515 
Norway_009900.jpg,
Norway_009323.jpg,0 1721 1638 1936 2036 0 1552 1263 1622 1425 0 477 1499 979 2034 0 988 1471 1164 1658 0 1630 1751 1745 2039 
Norway_008769.jpg,
Norway_009930.jpg,0 782 1320 972 1465 0 433 1188 992 1458 0 1008 1226 1100 1314 
Norway_008333.jpg,
Norway_008412.jpg,
Norway_009436.jpg,
Norway_008359.jpg,
Norway_009425.jpg,2 1399 1269 1749 1968 0 1277 1165 1343 1247 2 1441 1162 1550 1357 
Norway_009738.jpg,0 1584 1470 1658 1743 0 705 1897 805 2038 0 1632 1422 1690 1516 0 1204 1138 1398 1404 
Norway_009283.jpg,
Norway_009275.jpg,
Norway_009043.jpg,
Norway_010186.jpg,0 1913 1830 2003 2038 0 369 1375 714 1525 
Norway_010107.jpg,
Norway_008284.jpg,
Norway_009832.jpg,3 1210 1854 1316 1929 0 1330 1443 1400 1731 0 1063 1156 1101 1205 0 1188 1358 1259 1595 0 1312 1165 1359 1212 
Norway_008353.jpg,
Norway_008304.jpg,
Norway_009062.jpg,
Norway_009291.jpg,
Norway_008913.jpg,0 1714 1302 1857 1546 2 1760 1454 2109 2019 0 548 1721 626 1823 1 188 1867 2048 1972 0 1796 1092 1834 1195 
Norway_009380.jpg,0 737 1629 851 1711 2 327 1682 643 1829 0 646 1942 683 2024 3 1624 1408 1696 1435 
Norway_009484.jpg,0 1520 1207 1666 1463 0 266 1446 1019 2025 0 1650 1916 1718 2040 0 879 1479 1003 1582 
Norway_009889.jpg,
Norway_009188.jpg,
Norway_009711.jpg,
Norway_009833.jpg,
Norway_008416.jpg,0 1482 1338 2033 2035 
Norway_009019.jpg,
Norway_009263.jpg,0 595 1912 708 2036 
Norway_009392.jpg,0 2297 1723 2736 2032 
Norway_010174.jpg,
Norway_009195.jpg,
Norway_009825.jpg,0 1496 1088 1529 1149 1 891 1326 1762 1372 
Norway_009214.jpg,
Norway_008891.jpg,
Norway_009688.jpg,0 3405 1877 3473 2041 
Norway_008739.jpg,
Norway_008540.jpg,0 1606 1497 1855 2029 0 1480 1154 1539 1268 0 1342 1121 1397 1196 
Norway_009005.jpg,
Norway_009521.jpg,
Norway_008666.jpg,
Norway_008711.jpg,0 1147 1214 1231 1305 0 170 1386 463 1507 0 75 1550 728 2033 0 690 1330 1007 1566 0 1314 1179 1385 1279 
Norway_009882.jpg,
Norway_008710.jpg,
Norway_010143.jpg,0 1290 1438 1357 1495 
Norway_009540.jpg,
Norway_009921.jpg,
Norway_009394.jpg,
Norway_009872.jpg,
Norway_008627.jpg,
Norway_009662.jpg,
Norway_009439.jpg,0 1062 1717 1179 2035 0 1297 1309 1463 2041 0 574 1677 830 1997 0 1193 1108 1354 1461 0 1081 1086 1122 1138 
Norway_008255.jpg,
Norway_009011.jpg,0 3 1655 398 1946 
Norway_009082.jpg,
Norway_008551.jpg,
Norway_008517.jpg,
Norway_009478.jpg,1 60 1641 1587 1726 
Norway_009657.jpg,
Norway_008984.jpg,
Norway_009468.jpg,
Norway_010038.jpg,0 1440 1304 1991 2035 
Norway_010178.jpg,0 1195 1268 1378 1451 0 1368 1238 1604 1367 
Norway_008629.jpg,
Norway_009759.jpg,
Norway_009310.jpg,
Norway_010018.jpg,
Norway_008738.jpg,
Norway_008600.jpg,
Norway_008688.jpg,
Norway_009268.jpg,0 1010 1901 1109 2040 0 1633 1300 1821 1663 0 1402 1068 1451 1114 0 919 1186 975 1227 
Norway_009450.jpg,
Norway_008240.jpg,1 2958 1822 3364 2034 1 673 1410 1718 1472 
Norway_008686.jpg,0 502 1287 780 1413 0 1225 1142 1261 1208 
Norway_008861.jpg,
Norway_009523.jpg,0 1546 1301 1617 1438 
Norway_010092.jpg,
Norway_008341.jpg,
Norway_008536.jpg,
Norway_008296.jpg,0 1036 1164 1280 1279 
Norway_009622.jpg,
Norway_009370.jpg,
Norway_008267.jpg,
Norway_010105.jpg,
Norway_008217.jpg,
Norway_009793.jpg,
Norway_008481.jpg,
Norway_008898.jpg,0 710 1222 998 1378 0 1872 1422 2731 2034 0 1736 1260 1934 1444 
Norway_009746.jpg,0 1151 1418 1268 1809 0 1175 1295 1211 1357 
Norway_008371.jpg,
Norway_009864.jpg,
Norway_008611.jpg,
Norway_008795.jpg,
Norway_009862.jpg,
Norway_009834.jpg,0 340 1555 637 1763 
Norway_009983.jpg,
Norway_008771.jpg,
Norway_008578.jpg,
Norway_009239.jpg,0 619 1567 1001 1992 0 1859 1535 2250 2015 
Norway_009614.jpg,
Norway_009667.jpg,
Norway_010016.jpg,
Norway_009094.jpg,
Norway_009750.jpg,
Norway_008179.jpg,0 1635 1289 1697 1401 0 0 1650 207 1932 
Norway_008698.jpg,
Norway_010146.jpg,
Norway_009420.jpg,0 1314 1654 1464 2037 0 1518 1433 1607 1584 0 1358 1589 1404 1660 0 489 1320 788 1466 0 1007 1143 1049 1193 
Norway_009911.jpg,0 1726 1616 1863 1893 0 0 1357 825 1928 
Norway_008858.jpg,
Norway_008963.jpg,
Norway_008743.jpg,
Norway_009809.jpg,0 786 1073 887 1124 0 625 1155 703 1197 
Norway_009987.jpg,0 1389 1273 1456 1346 0 1207 1169 1235 1225 
Norway_008524.jpg,
Norway_010153.jpg,0 1670 1520 1831 2030 0 1639 1473 1700 1605 
Norway_008928.jpg,0 2280 1846 2521 2016 0 104 1136 1034 1625 
Norway_008271.jpg,0 1456 1870 1542 2032 0 1384 1154 1486 1300 0 377 1349 1190 2016 0 1322 1574 1455 1758 0 1419 1299 1555 1607 
Norway_010126.jpg,0 63 1104 96 1193 
Norway_008761.jpg,
Norway_009548.jpg,0 1470 1179 1664 1616 0 1376 1422 1621 2039 0 1361 1129 1414 1212 0 4 1376 567 1706 
Norway_009151.jpg,0 918 1521 1537 2034 0 6 1539 452 1832 0 460 1378 807 1554 
Norway_009590.jpg,0 1363 1259 1581 1507 
Norway_008634.jpg,
Norway_008466.jpg,
Norway_008745.jpg,
Norway_008703.jpg,
Norway_009876.jpg,0 1414 1605 1560 2033 0 8 1523 498 1799 0 1750 1925 1846 2041 0 1630 1380 1706 1490 0 1442 1149 1512 1381 
Norway_008491.jpg,
Norway_008894.jpg,
Norway_009879.jpg,0 1209 1207 1305 1338 0 646 1171 1044 1344 0 27 1380 923 2005 
Norway_008172.jpg,0 1370 1213 1437 1348 0 997 1534 1283 2011 0 1309 1522 1463 2030 
Norway_008399.jpg,
Norway_008670.jpg,
Norway_008981.jpg,
Norway_008784.jpg,
Norway_008214.jpg,
Norway_009014.jpg,2 459 1478 1006 2031 1 235 1364 1622 1481 
Norway_008549.jpg,0 1298 1081 1415 1204 
Norway_009368.jpg,
Norway_009437.jpg,
Norway_008802.jpg,
Norway_008196.jpg,0 0 1591 164 1915 0 254 1210 1126 1694 0 333 1438 1006 2028 
Norway_010086.jpg,
Norway_009238.jpg,0 890 1216 990 1266 
Norway_008677.jpg,0 711 1742 837 2021 0 1183 1644 1282 1858 0 1639 1238 1764 1481 0 1580 1659 1674 2030 0 1415 1445 1505 1591 
Norway_009857.jpg,0 833 1364 1188 1673 1 1029 1768 1664 1888 
Norway_009869.jpg,0 741 1545 892 1662 0 963 1107 1450 1461 0 1204 1084 1459 1291 0 959 1273 1228 1472 
Norway_009518.jpg,
Norway_009593.jpg,0 1037 1353 1092 1454 
Norway_009076.jpg,0 454 1348 1225 2024 
Norway_009266.jpg,
Norway_008605.jpg,0 1371 1219 1512 1470 
Norway_008635.jpg,0 1480 1315 2129 2026 
Norway_009325.jpg,
Norway_009905.jpg,0 733 1261 1089 1454 0 300 1491 859 2014 0 1247 1153 1480 1314 0 2759 1684 2839 1852 0 483 1438 731 1597 
Norway_008422.jpg,
Norway_009117.jpg,
Norway_008521.jpg,0 1008 1226 1117 1295 0 1578 1103 1616 1160 
Norway_008168.jpg,
Norway_009173.jpg,
Norway_009111.jpg,0 635 1747 866 2036 2 1453 1061 1560 1210 0 1024 1101 1296 1244 0 1413 1695 1548 2034 0 1603 1414 1982 2028 
Norway_008435.jpg,
Norway_008373.jpg,
Norway_009192.jpg,0 1573 1403 1942 2034 0 1594 1226 1669 1321 0 518 1326 842 1484 0 837 1212 1066 1322 
Norway_009208.jpg,0 495 1844 683 2038 0 1232 1427 1415 2035 0 1088 1242 1354 1448 0 1555 1878 1616 2010 0 1599 1227 1687 1327 
Norway_009635.jpg,
Norway_009458.jpg,
Norway_009233.jpg,0 1327 1134 1540 1375 
Norway_009748.jpg,
Norway_009704.jpg,
Norway_009047.jpg,
Norway_009563.jpg,
Norway_008330.jpg,
Norway_008722.jpg,0 1624 1509 2026 2029 
Norway_008854.jpg,
Norway_008195.jpg,3 1049 1826 1112 1865 0 108 1871 204 1939 0 1215 1196 1324 1252 2 32 1563 627 1927 2 574 1328 1417 2019 
Norway_009845.jpg,0 94 1903 294 2040 0 363 1626 913 2039 
Norway_010024.jpg,
Norway_008348.jpg,
Norway_008178.jpg,
Norway_008314.jpg,0 1514 1759 1594 1887 0 517 1811 671 1979 0 1552 1648 1600 1746 3 1680 1261 1807 1304 0 511 1697 710 1859 
Norway_009455.jpg,0 1534 1581 1706 2034 0 1478 1221 1611 1546 0 4 1372 494 1617 0 978 1209 1178 1315 0 332 1896 486 2023 
Norway_008213.jpg,
Norway_008455.jpg,0 1027 1477 1371 2033 0 519 1464 1096 2030 0 954 1269 1039 1323 0 1157 1258 1332 1405 0 1510 1121 1568 1175 
Norway_008644.jpg,0 627 1072 778 1158 0 1361 1312 1549 1490 
Norway_009580.jpg,
Norway_009240.jpg,
Norway_009092.jpg,0 1471 1282 2037 2035 
Norway_009115.jpg,
Norway_009945.jpg,
Norway_009229.jpg,
Norway_010110.jpg,0 322 1518 831 1961 0 1032 1341 1271 1630 
Norway_008675.jpg,
Norway_008637.jpg,0 953 1730 1080 2000 
Norway_009503.jpg,
Norway_009122.jpg,
Norway_008306.jpg,0 1504 1828 1616 2037 0 1728 1228 1832 1500 0 1730 1162 1775 1216 1 2 1590 983 1812 0 452 1406 952 1640 
Norway_008482.jpg,
Norway_009510.jpg,
Norway_008550.jpg,0 1229 1167 1300 1236 
Norway_008651.jpg,0 1500 1722 1603 2044 0 239 1400 530 1536 0 579 1295 812 1399 0 1504 1602 1562 1704 0 1597 1685 1650 1788 
Norway_008428.jpg,0 1926 1723 2202 1998 0 1405 1623 1468 1773 0 1698 1449 1825 1589 0 1385 1781 1499 2025 0 288 1380 569 1516 
Norway_008630.jpg,
Norway_008673.jpg,
Norway_009156.jpg,
Norway_008303.jpg,
Norway_009928.jpg,
Norway_009110.jpg,
Norway_008598.jpg,0 1551 1334 2160 2035 
Norway_008302.jpg,
Norway_009639.jpg,
Norway_009243.jpg,1 609 1436 1678 1501 
Norway_009059.jpg,0 1578 1456 1718 1730 0 6 1495 678 2010 0 981 1182 1520 1848 0 996 1516 1208 2035 0 1165 1156 1340 1266 
Norway_008882.jpg,
Norway_009191.jpg,
Norway_009128.jpg,
Norway_009017.jpg,
Norway_009157.jpg,0 1316 1162 1382 1264 
Norway_009217.jpg,
Norway_009836.jpg,
Norway_008242.jpg,0 1137 1323 1447 1926 0 398 1666 831 2030 0 946 1813 1213 2041 0 738 1312 1279 1672 3 577 1972 703 2035 
Norway_008908.jpg,
Norway_008844.jpg,0 838 1158 938 1262 
Norway_009619.jpg,
Norway_009426.jpg,0 1631 1778 1730 2038 0 1572 1393 1676 1654 0 395 1404 562 1483 
Norway_008831.jpg,
Norway_009009.jpg,0 1725 1780 1845 2029 0 521 1211 1349 1988 
Norway_009976.jpg,0 1295 1119 1368 1213 
Norway_008593.jpg,0 1620 1390 2285 2027 
Norway_009932.jpg,0 792 1512 968 1729 0 0 1389 721 1840 1 625 1467 1870 1567 0 547 1403 697 1542 
Norway_008498.jpg,0 1573 1832 1653 2025 0 1583 1337 1673 1549 
Norway_008377.jpg,
Norway_009931.jpg,0 1322 1182 1641 1602 
Norway_009514.jpg,0 1201 1321 1255 1409 
Norway_009903.jpg,0 1521 1686 2097 1936 
Norway_009850.jpg,0 357 1392 638 1545 0 10 1401 642 1744 
Norway_009364.jpg,
Norway_009024.jpg,
Norway_009135.jpg,0 1419 1361 1489 1451 0 1121 1320 1219 1408 0 1101 1193 1196 1316 2 1417 1146 1493 1221 
Norway_010010.jpg,
Norway_009973.jpg,
Norway_009170.jpg,0 1832 1820 1974 2034 0 1624 1437 1697 1598 0 1642 1718 1715 1811 0 1522 1276 1579 1425 0 1574 1646 1623 1731 
Norway_009396.jpg,
Norway_010012.jpg,
Norway_009198.jpg,
Norway_009623.jpg,
Norway_009028.jpg,
Norway_009728.jpg,0 929 1377 1006 1463 1 471 1423 1853 1498 0 1092 1222 1164 1298 
Norway_008696.jpg,0 1521 1375 1681 2034 0 1195 1396 1349 1653 0 831 1611 1087 1978 0 932 1821 1021 1962 0 1392 1239 1464 1354 
Norway_010004.jpg,
Norway_008453.jpg,
